#Intensity_unit=cps
#Attenuator_coefficient=1.0000
2.0000 30390.0000
2.0200 30053.3334
2.0400 29520.0000
2.0600 28803.3334
2.0800 28356.6666
2.1000 27683.3334
2.1200 27603.3334
2.1400 27653.3334
2.1600 27056.6666
2.1800 26870.0000
2.2000 26553.3334
2.2200 26236.6666
2.2400 25386.6666
2.2600 25330.0000
2.2800 24413.3334
2.3000 24246.6666
2.3200 24076.6666
2.3400 23150.0000
2.3600 23006.6666
2.3800 23046.6666
2.4000 23183.3334
2.4200 22396.6666
2.4400 22626.6666
2.4600 22373.3334
2.4800 21480.0000
2.5000 21333.3334
2.5200 21846.6666
2.5400 21473.3334
2.5600 21300.0000
2.5800 21430.0000
2.6000 21410.0000
2.6200 21040.0000
2.6400 21390.0000
2.6600 21176.6666
2.6800 20933.3334
2.7000 20646.6666
2.7200 21210.0000
2.7400 20786.6666
2.7600 21426.6666
2.7800 21256.6666
2.8000 20866.6666
2.8200 20703.3334
2.8400 20296.6666
2.8600 19530.0000
2.8800 19866.6666
2.9000 19603.3334
2.9200 18943.3334
2.9400 19140.0000
2.9600 18930.0000
2.9800 18510.0000
3.0000 18166.6666
3.0200 18586.6666
3.0400 17816.6666
3.0600 17910.0000
3.0800 17890.0000
3.1000 17776.6666
3.1200 17763.3334
3.1400 17460.0000
3.1600 17680.0000
3.1800 17080.0000
3.2000 16866.6666
3.2200 17173.3334
3.2400 17003.3334
3.2600 16813.3334
3.2800 17186.6666
3.3000 16850.0000
3.3200 16220.0000
3.3400 16636.6666
3.3600 16596.6666
3.3800 16243.3334
3.4000 16800.0000
3.4200 16703.3334
3.4400 16136.6666
3.4600 16510.0000
3.4800 16276.6666
3.5000 16626.6666
3.5200 16403.3334
3.5400 16110.0000
3.5600 16256.6666
3.5800 16203.3334
3.6000 16190.0000
3.6200 16366.6666
3.6400 16356.6666
3.6600 16193.3334
3.6800 16253.3334
3.7000 16570.0000
3.7200 16056.6666
3.7400 16166.6666
3.7600 16416.6666
3.7800 16063.3334
3.8000 16066.6666
3.8200 15986.6666
3.8400 16246.6666
3.8600 16403.3334
3.8800 15960.0000
3.9000 15910.0000
3.9200 16000.0000
3.9400 16060.0000
3.9600 15766.6666
3.9800 16166.6666
4.0000 15600.0000
4.0200 15586.6666
4.0400 15756.6666
4.0600 15833.3334
4.0800 15686.6666
4.1000 15883.3334
4.1200 15786.6666
4.1400 16000.0000
4.1600 15816.6666
4.1800 15410.0000
4.2000 15616.6666
4.2200 15260.0000
4.2400 15393.3334
4.2600 15633.3334
4.2800 15336.6666
4.3000 15253.3334
4.3200 15263.3334
4.3400 15473.3334
4.3600 15393.3334
4.3800 15330.0000
4.4000 15460.0000
4.4200 15660.0000
4.4400 15220.0000
4.4600 15130.0000
4.4800 15203.3334
4.5000 15610.0000
4.5200 15080.0000
4.5400 15106.6666
4.5600 15540.0000
4.5800 16020.0000
4.6000 15460.0000
4.6200 15626.6666
4.6400 15176.6666
4.6600 15743.3334
4.6800 15193.3334
4.7000 15323.3334
4.7200 15496.6666
4.7400 15463.3334
4.7600 15480.0000
4.7800 15093.3334
4.8000 15720.0000
4.8200 15596.6666
4.8400 15193.3334
4.8600 15633.3334
4.8800 15176.6666
4.9000 15326.6666
4.9200 15526.6666
4.9400 15660.0000
4.9600 15363.3334
4.9800 15433.3334
5.0000 15680.0000
5.0200 15683.3334
5.0400 15663.3334
5.0600 15730.0000
5.0800 15653.3334
5.1000 15753.3334
5.1200 15670.0000
5.1400 15756.6666
5.1600 15443.3334
5.1800 16096.6666
5.2000 16036.6666
5.2200 16013.3334
5.2400 15676.6666
5.2600 15416.6666
5.2800 16443.3334
5.3000 15660.0000
5.3200 16153.3334
5.3400 16013.3334
5.3600 16256.6666
5.3800 16050.0000
5.4000 16033.3334
5.4200 16093.3334
5.4400 16143.3334
5.4600 16263.3334
5.4800 16253.3334
5.5000 16243.3334
5.5200 16556.6666
5.5400 16620.0000
5.5600 16156.6666
5.5800 16636.6666
5.6000 16660.0000
5.6200 16333.3334
5.6400 16790.0000
5.6600 16956.6666
5.6800 16906.6666
5.7000 16500.0000
5.7200 16866.6666
5.7400 16653.3334
5.7600 16900.0000
5.7800 17506.6666
5.8000 16926.6666
5.8200 16860.0000
5.8400 17390.0000
5.8600 17483.3334
5.8800 17406.6666
5.9000 17190.0000
5.9200 17630.0000
5.9400 17456.6666
5.9600 18156.6666
5.9800 17906.6666
6.0000 18446.6666
6.0200 18033.3334
6.0400 18606.6666
6.0600 18660.0000
6.0800 18670.0000
6.1000 19386.6666
6.1200 19966.6666
6.1400 20043.3334
6.1600 19636.6666
6.1800 20333.3334
6.2000 20273.3334
6.2200 20430.0000
6.2400 20166.6666
6.2600 19830.0000
6.2800 19233.3334
6.3000 19200.0000
6.3200 19133.3334
6.3400 18630.0000
6.3600 18473.3334
6.3800 17573.3334
6.4000 18126.6666
6.4200 17540.0000
6.4400 17736.6666
6.4600 16986.6666
6.4800 16866.6666
6.5000 17016.6666
6.5200 16443.3334
6.5400 16513.3334
6.5600 16680.0000
6.5800 16580.0000
6.6000 16156.6666
6.6200 16306.6666
6.6400 16523.3334
6.6600 16106.6666
6.6800 16210.0000
6.7000 16023.3334
6.7200 16016.6666
6.7400 15436.6666
6.7600 15453.3334
6.7800 15653.3334
6.8000 15216.6666
6.8200 15240.0000
6.8400 15096.6666
6.8600 15200.0000
6.8800 15293.3334
6.9000 15256.6666
6.9200 15470.0000
6.9400 14743.3334
6.9600 14713.3334
6.9800 14733.3334
7.0000 14963.3334
7.0200 14853.3334
7.0400 14756.6666
7.0600 14616.6666
7.0800 14596.6666
7.1000 14513.3334
7.1200 14183.3334
7.1400 14333.3334
7.1600 14380.0000
7.1800 14366.6666
7.2000 14330.0000
7.2200 14233.3334
7.2400 14130.0000
7.2600 14243.3334
7.2800 14163.3334
7.3000 14033.3334
7.3200 14033.3334
7.3400 13643.3334
7.3600 14026.6666
7.3800 13790.0000
7.4000 14006.6666
7.4200 13886.6666
7.4400 13510.0000
7.4600 13900.0000
7.4800 13816.6666
7.5000 13593.3334
7.5200 13640.0000
7.5400 13406.6666
7.5600 13686.6666
7.5800 13413.3334
7.6000 13516.6666
7.6200 13060.0000
7.6400 13443.3334
7.6600 13253.3334
7.6800 12986.6666
7.7000 12653.3334
7.7200 13253.3334
7.7400 13060.0000
7.7600 13010.0000
7.7800 12946.6666
7.8000 13333.3334
7.8200 12813.3334
7.8400 13150.0000
7.8600 12996.6666
7.8800 13080.0000
7.9000 13210.0000
7.9200 13093.3334
7.9400 12806.6666
7.9600 12813.3334
7.9800 12873.3334
8.0000 12963.3334
8.0200 12456.6666
8.0400 12833.3334
8.0600 13253.3334
8.0800 12880.0000
8.1000 12843.3334
8.1200 12880.0000
8.1400 12640.0000
8.1600 12850.0000
8.1800 12500.0000
8.2000 12793.3334
8.2200 12686.6666
8.2400 12790.0000
8.2600 13040.0000
8.2800 12780.0000
8.3000 12946.6666
8.3200 12696.6666
8.3400 13063.3334
8.3600 13036.6666
8.3800 12970.0000
8.4000 12740.0000
8.4200 12893.3334
8.4400 12963.3334
8.4600 12693.3334
8.4800 13380.0000
8.5000 13276.6666
8.5200 13160.0000
8.5400 13346.6666
8.5600 13456.6666
8.5800 13890.0000
8.6000 13486.6666
8.6200 13496.6666
8.6400 14366.6666
8.6600 14193.3334
8.6800 14266.6666
8.7000 14423.3334
8.7200 14490.0000
8.7400 14913.3334
8.7600 15353.3334
8.7800 15686.6666
8.8000 16143.3334
8.8200 16450.0000
8.8400 16620.0000
8.8600 16170.0000
8.8800 15210.0000
8.9000 14660.0000
8.9200 13310.0000
8.9400 12753.3334
8.9600 12060.0000
8.9800 11456.6666
9.0000 11280.0000
9.0200 10750.0000
9.0400 10320.0000
9.0600 10040.0000
9.0800 9366.6666
9.1000 9510.0000
9.1200 9530.0000
9.1400 9313.3334
9.1600 9140.0000
9.1800 8870.0000
9.2000 8280.0000
9.2200 8376.6666
9.2400 8433.3334
9.2600 8080.0000
9.2800 7846.6666
9.3000 7690.0000
9.3200 7676.6666
9.3400 7616.6666
9.3600 7283.3334
9.3800 7013.3334
9.4000 7076.6666
9.4200 6940.0000
9.4400 6796.6666
9.4600 6693.3334
9.4800 6803.3334
9.5000 6416.6666
9.5200 6283.3334
9.5400 6420.0000
9.5600 6360.0000
9.5800 6153.3334
9.6000 5973.3334
9.6200 6093.3334
9.6400 6230.0000
9.6600 6200.0000
9.6800 5756.6666
9.7000 5843.3334
9.7200 5890.0000
9.7400 5700.0000
9.7600 5750.0000
9.7800 5510.0000
9.8000 5523.3334
9.8200 5346.6666
9.8400 5573.3334
9.8600 5476.6666
9.8800 5376.6666
9.9000 5626.6666
9.9200 5183.3334
9.9400 5343.3334
9.9600 5280.0000
9.9800 4856.6666
10.0000 5060.0000
10.0200 5183.3334
10.0400 5066.6666
10.0600 4726.6666
10.0800 5200.0000
10.1000 5036.6666
10.1200 4906.6666
10.1400 4950.0000
10.1600 4850.0000
10.1800 4806.6666
10.2000 4750.0000
10.2200 4933.3334
10.2400 4923.3334
10.2600 4866.6666
10.2800 4800.0000
10.3000 4796.6666
10.3200 4970.0000
10.3400 4623.3334
10.3600 4670.0000
10.3800 4590.0000
10.4000 4513.3334
10.4200 4516.6666
10.4400 4746.6666
10.4600 4696.6666
10.4800 4566.6666
10.5000 4656.6666
10.5200 4603.3334
10.5400 4616.6666
10.5600 4920.0000
10.5800 4273.3334
10.6000 4646.6666
10.6200 4593.3334
10.6400 4600.0000
10.6600 4440.0000
10.6800 4456.6666
10.7000 4456.6666
10.7200 4473.3334
10.7400 4616.6666
10.7600 4266.6666
10.7800 4410.0000
10.8000 4326.6666
10.8200 4450.0000
10.8400 4190.0000
10.8600 4416.6666
10.8800 4573.3334
10.9000 4203.3334
10.9200 4160.0000
10.9400 4336.6666
10.9600 4420.0000
10.9800 4473.3334
11.0000 4360.0000
11.0200 4373.3334
11.0400 4236.6666
11.0600 4210.0000
11.0800 4376.6666
11.1000 4316.6666
11.1200 4406.6666
11.1400 4403.3334
11.1600 4160.0000
11.1800 4376.6666
11.2000 4216.6666
11.2200 4413.3334
11.2400 4140.0000
11.2600 4260.0000
11.2800 4283.3334
11.3000 4323.3334
11.3200 4153.3334
11.3400 4466.6666
11.3600 4373.3334
11.3800 4413.3334
11.4000 4520.0000
11.4200 4296.6666
11.4400 4320.0000
11.4600 4420.0000
11.4800 4490.0000
11.5000 4426.6666
11.5200 4430.0000
11.5400 4446.6666
11.5600 4513.3334
11.5800 4523.3334
11.6000 4593.3334
11.6200 4350.0000
11.6400 4640.0000
11.6600 4476.6666
11.6800 4256.6666
11.7000 4423.3334
11.7200 4503.3334
11.7400 4513.3334
11.7600 4516.6666
11.7800 4766.6666
11.8000 4640.0000
11.8200 4740.0000
11.8400 4780.0000
11.8600 4813.3334
11.8800 4826.6666
11.9000 4900.0000
11.9200 5086.6666
11.9400 5053.3334
11.9600 5070.0000
11.9800 5326.6666
12.0000 5376.6666
12.0200 5536.6666
12.0400 5600.0000
12.0600 5750.0000
12.0800 6026.6666
12.1000 5910.0000
12.1200 6193.3334
12.1400 6396.6666
12.1600 6673.3334
12.1800 7086.6666
12.2000 7323.3334
12.2200 7620.0000
12.2400 7836.6666
12.2600 8366.6666
12.2800 8613.3334
12.3000 8866.6666
12.3200 9550.0000
12.3400 10010.0000
12.3600 10366.6666
12.3800 10220.0000
12.4000 10103.3334
12.4200 9623.3334
12.4400 9660.0000
12.4600 9550.0000
12.4800 9390.0000
12.5000 9263.3334
12.5200 8433.3334
12.5400 7663.3334
12.5600 7043.3334
12.5800 6586.6666
12.6000 5946.6666
12.6200 5840.0000
12.6400 5386.6666
12.6600 5076.6666
12.6800 4896.6666
12.7000 4990.0000
12.7200 4596.6666
12.7400 4516.6666
12.7600 4306.6666
12.7800 4296.6666
12.8000 4263.3334
12.8200 4056.6666
12.8400 4090.0000
12.8600 4023.3334
12.8800 4240.0000
12.9000 3856.6666
12.9200 4156.6666
12.9400 3883.3334
12.9600 3950.0000
12.9800 3926.6666
13.0000 3796.6666
13.0200 3710.0000
13.0400 3696.6666
13.0600 3770.0000
13.0800 3663.3334
13.1000 3866.6666
13.1200 3586.6666
13.1400 3526.6666
13.1600 3733.3334
13.1800 3516.6666
13.2000 3620.0000
13.2200 3600.0000
13.2400 3520.0000
13.2600 3480.0000
13.2800 3483.3334
13.3000 3460.0000
13.3200 3343.3334
13.3400 3533.3334
13.3600 3550.0000
13.3800 3453.3334
13.4000 3320.0000
13.4200 3440.0000
13.4400 3443.3334
13.4600 3510.0000
13.4800 3376.6666
13.5000 3590.0000
13.5200 3493.3334
13.5400 3230.0000
13.5600 3180.0000
13.5800 3456.6666
13.6000 3276.6666
13.6200 3536.6666
13.6400 3376.6666
13.6600 3270.0000
13.6800 3460.0000
13.7000 3430.0000
13.7200 3480.0000
13.7400 3420.0000
13.7600 3313.3334
13.7800 3320.0000
13.8000 3316.6666
13.8200 3170.0000
13.8400 3390.0000
13.8600 3343.3334
13.8800 3333.3334
13.9000 3293.3334
13.9200 3383.3334
13.9400 3346.6666
13.9600 3380.0000
13.9800 3403.3334
14.0000 3176.6666
14.0200 3120.0000
14.0400 3103.3334
14.0600 3436.6666
14.0800 3170.0000
14.1000 3560.0000
14.1200 3453.3334
14.1400 3250.0000
14.1600 3090.0000
14.1800 3173.3334
14.2000 3110.0000
14.2200 3333.3334
14.2400 3190.0000
14.2600 2990.0000
14.2800 3296.6666
14.3000 3303.3334
14.3200 3203.3334
14.3400 3190.0000
14.3600 3146.6666
14.3800 3123.3334
14.4000 3210.0000
14.4200 3173.3334
14.4400 3390.0000
14.4600 3226.6666
14.4800 3073.3334
14.5000 3206.6666
14.5200 3150.0000
14.5400 3296.6666
14.5600 3050.0000
14.5800 3046.6666
14.6000 3223.3334
14.6200 3253.3334
14.6400 3200.0000
14.6600 3046.6666
14.6800 3206.6666
14.7000 3223.3334
14.7200 3100.0000
14.7400 3160.0000
14.7600 3033.3334
14.7800 3126.6666
14.8000 3123.3334
14.8200 3083.3334
14.8400 3140.0000
14.8600 2900.0000
14.8800 3013.3334
14.9000 3176.6666
14.9200 3190.0000
14.9400 3136.6666
14.9600 3086.6666
14.9800 2926.6666
15.0000 3033.3334
15.0200 3006.6666
15.0400 2966.6666
15.0600 3013.3334
15.0800 3063.3334
15.1000 3053.3334
15.1200 3173.3334
15.1400 3093.3334
15.1600 3093.3334
15.1800 2870.0000
15.2000 3030.0000
15.2200 3280.0000
15.2400 3250.0000
15.2600 3086.6666
15.2800 3143.3334
15.3000 3156.6666
15.3200 2893.3334
15.3400 3176.6666
15.3600 3056.6666
15.3800 3103.3334
15.4000 3103.3334
15.4200 3143.3334
15.4400 2960.0000
15.4600 3010.0000
15.4800 2996.6666
15.5000 3200.0000
15.5200 3190.0000
15.5400 3013.3334
15.5600 3073.3334
15.5800 3040.0000
15.6000 2990.0000
15.6200 3073.3334
15.6400 3033.3334
15.6600 3136.6666
15.6800 3093.3334
15.7000 3140.0000
15.7200 2980.0000
15.7400 3113.3334
15.7600 3156.6666
15.7800 3083.3334
15.8000 3186.6666
15.8200 2910.0000
15.8400 2910.0000
15.8600 2930.0000
15.8800 3150.0000
15.9000 2980.0000
15.9200 3196.6666
15.9400 3220.0000
15.9600 3140.0000
15.9800 3143.3334
16.0000 2940.0000
16.0200 2946.6666
16.0400 3096.6666
16.0600 3156.6666
16.0800 3030.0000
16.1000 3183.3334
16.1200 3043.3334
16.1400 3263.3334
16.1600 3156.6666
16.1800 3053.3334
16.2000 3176.6666
16.2200 3146.6666
16.2400 3196.6666
16.2600 3050.0000
16.2800 3080.0000
16.3000 3166.6666
16.3200 3023.3334
16.3400 3103.3334
16.3600 3146.6666
16.3800 3183.3334
16.4000 3156.6666
16.4200 3200.0000
16.4400 3166.6666
16.4600 3090.0000
16.4800 3210.0000
16.5000 3016.6666
16.5200 3210.0000
16.5400 3236.6666
16.5600 3043.3334
16.5800 3023.3334
16.6000 3140.0000
16.6200 3100.0000
16.6400 3253.3334
16.6600 3110.0000
16.6800 3256.6666
16.7000 3193.3334
16.7200 3120.0000
16.7400 3406.6666
16.7600 3456.6666
16.7800 3170.0000
16.8000 3206.6666
16.8200 3346.6666
16.8400 3140.0000
16.8600 3230.0000
16.8800 3196.6666
16.9000 3460.0000
16.9200 3313.3334
16.9400 3193.3334
16.9600 3393.3334
16.9800 3283.3334
17.0000 3386.6666
17.0200 3460.0000
17.0400 3266.6666
17.0600 3140.0000
17.0800 3370.0000
17.1000 3580.0000
17.1200 3570.0000
17.1400 3383.3334
17.1600 3433.3334
17.1800 3410.0000
17.2000 3550.0000
17.2200 3613.3334
17.2400 3536.6666
17.2600 3350.0000
17.2800 3460.0000
17.3000 3656.6666
17.3200 3593.3334
17.3400 3680.0000
17.3600 3766.6666
17.3800 3550.0000
17.4000 3616.6666
17.4200 3626.6666
17.4400 3610.0000
17.4600 3766.6666
17.4800 3756.6666
17.5000 3923.3334
17.5200 3916.6666
17.5400 4180.0000
17.5600 3933.3334
17.5800 4173.3334
17.6000 4250.0000
17.6200 4240.0000
17.6400 4430.0000
17.6600 4806.6666
17.6800 5153.3334
17.7000 5253.3334
17.7200 5246.6666
17.7400 5546.6666
17.7600 5816.6666
17.7800 5843.3334
17.8000 5536.6666
17.8200 5493.3334
17.8400 5340.0000
17.8600 5210.0000
17.8800 5026.6666
17.9000 4816.6666
17.9200 4780.0000
17.9400 4890.0000
17.9600 4603.3334
17.9800 4516.6666
18.0000 4493.3334
18.0200 4416.6666
18.0400 4240.0000
18.0600 4283.3334
18.0800 4403.3334
18.1000 4273.3334
18.1200 4190.0000
18.1400 4183.3334
18.1600 4013.3334
18.1800 4250.0000
18.2000 3976.6666
18.2200 4083.3334
18.2400 3890.0000
18.2600 3926.6666
18.2800 3820.0000
18.3000 3813.3334
18.3200 3946.6666
18.3400 3956.6666
18.3600 3960.0000
18.3800 3840.0000
18.4000 3776.6666
18.4200 4050.0000
18.4400 3860.0000
18.4600 4033.3334
18.4800 3816.6666
18.5000 3900.0000
18.5200 3930.0000
18.5400 4130.0000
18.5600 4076.6666
18.5800 4016.6666
18.6000 4186.6666
18.6200 4046.6666
18.6400 4310.0000
18.6600 3846.6666
18.6800 4330.0000
18.7000 4366.6666
18.7200 4360.0000
18.7400 4160.0000
18.7600 4326.6666
18.7800 4393.3334
18.8000 4233.3334
18.8200 4093.3334
18.8400 4210.0000
18.8600 3870.0000
18.8800 3573.3334
18.9000 3700.0000
18.9200 3176.6666
18.9400 3396.6666
18.9600 3466.6666
18.9800 3323.3334
19.0000 3353.3334
19.0200 3246.6666
19.0400 3290.0000
19.0600 3340.0000
19.0800 3003.3334
19.1000 3113.3334
19.1200 3153.3334
19.1400 3260.0000
19.1600 3130.0000
19.1800 3186.6666
19.2000 3220.0000
19.2200 3166.6666
19.2400 3063.3334
19.2600 3000.0000
19.2800 3120.0000
19.3000 3220.0000
19.3200 3140.0000
19.3400 3370.0000
19.3600 3260.0000
19.3800 3330.0000
19.4000 3250.0000
19.4200 3063.3334
19.4400 3213.3334
19.4600 3260.0000
19.4800 3266.6666
19.5000 3213.3334
19.5200 3246.6666
19.5400 3370.0000
19.5600 3560.0000
19.5800 3310.0000
19.6000 3520.0000
19.6200 3476.6666
19.6400 3520.0000
19.6600 3653.3334
19.6800 3643.3334
19.7000 3750.0000
19.7200 3796.6666
19.7400 3656.6666
19.7600 3956.6666
19.7800 3956.6666
19.8000 3993.3334
19.8200 4010.0000
19.8400 3720.0000
19.8600 4016.6666
19.8800 3786.6666
19.9000 3683.3334
19.9200 3820.0000
19.9400 3640.0000
19.9600 3633.3334
19.9800 3726.6666
20.0000 3700.0000
20.0200 3516.6666
20.0400 3460.0000
20.0600 3633.3334
20.0800 3366.6666
20.1000 3383.3334
20.1200 3256.6666
20.1400 3436.6666
20.1600 3566.6666
20.1800 3283.3334
20.2000 3456.6666
20.2200 3303.3334
20.2400 3230.0000
20.2600 3146.6666
20.2800 3116.6666
20.3000 3273.3334
20.3200 3390.0000
20.3400 3183.3334
20.3600 3263.3334
20.3800 3286.6666
20.4000 3010.0000
20.4200 3193.3334
20.4400 3253.3334
20.4600 3080.0000
20.4800 3270.0000
20.5000 3203.3334
20.5200 3083.3334
20.5400 3280.0000
20.5600 3103.3334
20.5800 2940.0000
20.6000 3190.0000
20.6200 3050.0000
20.6400 3193.3334
20.6600 3230.0000
20.6800 3203.3334
20.7000 3150.0000
20.7200 3393.3334
20.7400 3380.0000
20.7600 3226.6666
20.7800 3336.6666
20.8000 3626.6666
20.8200 4400.0000
20.8400 4986.6666
20.8600 5396.6666
20.8800 4673.3334
20.9000 4453.3334
20.9200 4206.6666
20.9400 3633.3334
20.9600 3633.3334
20.9800 3326.6666
21.0000 3416.6666
21.0200 3313.3334
21.0400 3340.0000
21.0600 3286.6666
21.0800 3273.3334
21.1000 3006.6666
21.1200 3053.3334
21.1400 3356.6666
21.1600 3270.0000
21.1800 3273.3334
21.2000 3266.6666
21.2200 3093.3334
21.2400 3226.6666
21.2600 3310.0000
21.2800 3320.0000
21.3000 3200.0000
21.3200 3146.6666
21.3400 3003.3334
21.3600 3153.3334
21.3800 3096.6666
21.4000 2973.3334
21.4200 3046.6666
21.4400 3200.0000
21.4600 3093.3334
21.4800 2933.3334
21.5000 3083.3334
21.5200 3176.6666
21.5400 3016.6666
21.5600 2986.6666
21.5800 3083.3334
21.6000 2996.6666
21.6200 3213.3334
21.6400 2976.6666
21.6600 3053.3334
21.6800 2980.0000
21.7000 3060.0000
21.7200 2903.3334
21.7400 2923.3334
21.7600 2840.0000
21.7800 2763.3334
21.8000 3120.0000
21.8200 3126.6666
21.8400 2960.0000
21.8600 2793.3334
21.8800 2953.3334
21.9000 2903.3334
21.9200 2886.6666
21.9400 3043.3334
21.9600 2906.6666
21.9800 2986.6666
22.0000 2863.3334
22.0200 3153.3334
22.0400 3006.6666
22.0600 2996.6666
22.0800 2956.6666
22.1000 3153.3334
22.1200 2960.0000
22.1400 2843.3334
22.1600 2873.3334
22.1800 2933.3334
22.2000 2886.6666
22.2200 2953.3334
22.2400 2983.3334
22.2600 3026.6666
22.2800 3073.3334
22.3000 2940.0000
22.3200 2793.3334
22.3400 2850.0000
22.3600 2976.6666
22.3800 2946.6666
22.4000 3116.6666
22.4200 2950.0000
22.4400 2980.0000
22.4600 2850.0000
22.4800 3056.6666
22.5000 2903.3334
22.5200 2983.3334
22.5400 3203.3334
22.5600 3066.6666
22.5800 2890.0000
22.6000 3113.3334
22.6200 2923.3334
22.6400 2713.3334
22.6600 2973.3334
22.6800 3030.0000
22.7000 2990.0000
22.7200 2976.6666
22.7400 2906.6666
22.7600 2980.0000
22.7800 2953.3334
22.8000 3103.3334
22.8200 3013.3334
22.8400 3070.0000
22.8600 2993.3334
22.8800 3103.3334
22.9000 3056.6666
22.9200 2983.3334
22.9400 2950.0000
22.9600 3196.6666
22.9800 3006.6666
23.0000 2946.6666
23.0200 3056.6666
23.0400 2873.3334
23.0600 3180.0000
23.0800 3116.6666
23.1000 3196.6666
23.1200 3093.3334
23.1400 3123.3334
23.1600 2753.3334
23.1800 2966.6666
23.2000 2986.6666
23.2200 3210.0000
23.2400 2943.3334
23.2600 2860.0000
23.2800 2946.6666
23.3000 3040.0000
23.3200 2923.3334
23.3400 3010.0000
23.3600 2996.6666
23.3800 3000.0000
23.4000 2983.3334
23.4200 3063.3334
23.4400 3073.3334
23.4600 3123.3334
23.4800 3146.6666
23.5000 3250.0000
23.5200 3336.6666
23.5400 3296.6666
23.5600 3323.3334
23.5800 3420.0000
23.6000 3323.3334
23.6200 3336.6666
23.6400 3240.0000
23.6600 3336.6666
23.6800 3146.6666
23.7000 3310.0000
23.7200 3276.6666
23.7400 3280.0000
23.7600 3220.0000
23.7800 3140.0000
23.8000 3166.6666
23.8200 3193.3334
23.8400 3270.0000
23.8600 3440.0000
23.8800 3320.0000
23.9000 3280.0000
23.9200 3173.3334
23.9400 3230.0000
23.9600 3340.0000
23.9800 3353.3334
24.0000 3183.3334
24.0200 3360.0000
24.0400 3220.0000
24.0600 3270.0000
24.0800 3323.3334
24.1000 3460.0000
24.1200 3433.3334
24.1400 3396.6666
24.1600 3333.3334
24.1800 3536.6666
24.2000 3566.6666
24.2200 3606.6666
24.2400 3560.0000
24.2600 3476.6666
24.2800 3563.3334
24.3000 3546.6666
24.3200 3720.0000
24.3400 3743.3334
24.3600 3630.0000
24.3800 3840.0000
24.4000 3863.3334
24.4200 3743.3334
24.4400 3833.3334
24.4600 3813.3334
24.4800 3846.6666
24.5000 3930.0000
24.5200 3890.0000
24.5400 3996.6666
24.5600 4106.6666
24.5800 4193.3334
24.6000 4283.3334
24.6200 4473.3334
24.6400 4500.0000
24.6600 4653.3334
24.6800 4526.6666
24.7000 4986.6666
24.7200 5116.6666
24.7400 5096.6666
24.7600 5183.3334
24.7800 5450.0000
24.8000 5583.3334
24.8200 5930.0000
24.8400 6243.3334
24.8600 6670.0000
24.8800 6746.6666
24.9000 6896.6666
24.9200 6733.3334
24.9400 6610.0000
24.9600 6460.0000
24.9800 6406.6666
25.0000 6490.0000
25.0200 6370.0000
25.0400 6396.6666
25.0600 6430.0000
25.0800 6326.6666
25.1000 6363.3334
25.1200 6383.3334
25.1400 6456.6666
25.1600 6633.3334
25.1800 6446.6666
25.2000 5993.3334
25.2200 5870.0000
25.2400 5973.3334
25.2600 5790.0000
25.2800 5610.0000
25.3000 5546.6666
25.3200 5480.0000
25.3400 5216.6666
25.3600 5183.3334
25.3800 4970.0000
25.4000 4893.3334
25.4200 5023.3334
25.4400 4916.6666
25.4600 4986.6666
25.4800 4766.6666
25.5000 4826.6666
25.5200 4923.3334
25.5400 4900.0000
25.5600 4590.0000
25.5800 4710.0000
25.6000 4660.0000
25.6200 4630.0000
25.6400 4770.0000
25.6600 4623.3334
25.6800 4603.3334
25.7000 4470.0000
25.7200 4640.0000
25.7400 4576.6666
25.7600 4423.3334
25.7800 4446.6666
25.8000 4733.3334
25.8200 4723.3334
25.8400 4696.6666
25.8600 4696.6666
25.8800 4556.6666
25.9000 4390.0000
25.9200 4616.6666
25.9400 4393.3334
25.9600 4616.6666
25.9800 4626.6666
26.0000 4470.0000
26.0200 4936.6666
26.0400 4766.6666
26.0600 4810.0000
26.0800 4766.6666
26.1000 4786.6666
26.1200 4813.3334
26.1400 5026.6666
26.1600 5046.6666
26.1800 4873.3334
26.2000 4920.0000
26.2200 4993.3334
26.2400 4976.6666
26.2600 4996.6666
26.2800 5293.3334
26.3000 5340.0000
26.3200 5280.0000
26.3400 5323.3334
26.3600 5636.6666
26.3800 5506.6666
26.4000 5876.6666
26.4200 6123.3334
26.4400 6236.6666
26.4600 6353.3334
26.4800 6276.6666
26.5000 6863.3334
26.5200 6993.3334
26.5400 7263.3334
26.5600 8050.0000
26.5800 9166.6666
26.6000 10950.0000
26.6200 14533.3334
26.6400 16860.0000
26.6600 14696.6666
26.6800 13193.3334
26.7000 13676.6666
26.7200 12310.0000
26.7400 10656.6666
26.7600 9986.6666
26.7800 9506.6666
26.8000 9510.0000
26.8200 8833.3334
26.8400 8670.0000
26.8600 8143.3334
26.8800 7413.3334
26.9000 7056.6666
26.9200 6953.3334
26.9400 6546.6666
26.9600 6636.6666
26.9800 6193.3334
27.0000 6103.3334
27.0200 5856.6666
27.0400 5633.3334
27.0600 5576.6666
27.0800 5756.6666
27.1000 5460.0000
27.1200 5343.3334
27.1400 5660.0000
27.1600 5053.3334
27.1800 5183.3334
27.2000 5046.6666
27.2200 5040.0000
27.2400 4823.3334
27.2600 5200.0000
27.2800 4813.3334
27.3000 4963.3334
27.3200 4873.3334
27.3400 4700.0000
27.3600 4666.6666
27.3800 4773.3334
27.4000 4760.0000
27.4200 4943.3334
27.4400 4946.6666
27.4600 4876.6666
27.4800 5313.3334
27.5000 5003.3334
27.5200 5043.3334
27.5400 4823.3334
27.5600 4776.6666
27.5800 4636.6666
27.6000 4500.0000
27.6200 4700.0000
27.6400 4383.3334
27.6600 4540.0000
27.6800 4696.6666
27.7000 4496.6666
27.7200 4433.3334
27.7400 4503.3334
27.7600 4656.6666
27.7800 4586.6666
27.8000 4310.0000
27.8200 4473.3334
27.8400 4223.3334
27.8600 4626.6666
27.8800 4526.6666
27.9000 4650.0000
27.9200 4733.3334
27.9400 4510.0000
27.9600 4490.0000
27.9800 4703.3334
28.0000 4370.0000
28.0200 4380.0000
28.0400 4123.3334
28.0600 4186.6666
28.0800 3903.3334
28.1000 4126.6666
28.1200 4200.0000
28.1400 3896.6666
28.1600 3670.0000
28.1800 4046.6666
28.2000 3810.0000
28.2200 3946.6666
28.2400 3833.3334
28.2600 3930.0000
28.2800 3796.6666
28.3000 3706.6666
28.3200 3573.3334
28.3400 3786.6666
28.3600 3553.3334
28.3800 3790.0000
28.4000 3716.6666
28.4200 3623.3334
28.4400 3503.3334
28.4600 3683.3334
28.4800 3543.3334
28.5000 3520.0000
28.5200 3480.0000
28.5400 3896.6666
28.5600 3543.3334
28.5800 3623.3334
28.6000 3663.3334
28.6200 3553.3334
28.6400 3863.3334
28.6600 3650.0000
28.6800 3476.6666
28.7000 3473.3334
28.7200 3570.0000
28.7400 3553.3334
28.7600 3393.3334
28.7800 3473.3334
28.8000 3526.6666
28.8200 3473.3334
28.8400 3420.0000
28.8600 3416.6666
28.8800 3470.0000
28.9000 3546.6666
28.9200 3483.3334
28.9400 3500.0000
28.9600 3340.0000
28.9800 3366.6666
29.0000 3350.0000
29.0200 3310.0000
29.0400 3306.6666
29.0600 3326.6666
29.0800 3650.0000
29.1000 3373.3334
29.1200 3413.3334
29.1400 3340.0000
29.1600 3433.3334
29.1800 3256.6666
29.2000 3420.0000
29.2200 3253.3334
29.2400 3290.0000
29.2600 3456.6666
29.2800 3170.0000
29.3000 3400.0000
29.3200 3563.3334
29.3400 3396.6666
29.3600 3416.6666
29.3800 3336.6666
29.4000 3383.3334
29.4200 3256.6666
29.4400 3473.3334
29.4600 3366.6666
29.4800 3316.6666
29.5000 3336.6666
29.5200 3273.3334
29.5400 3270.0000
29.5600 3220.0000
29.5800 3266.6666
29.6000 3370.0000
29.6200 3333.3334
29.6400 3223.3334
29.6600 3416.6666
29.6800 3360.0000
29.7000 3283.3334
29.7200 3543.3334
29.7400 3343.3334
29.7600 3603.3334
29.7800 3590.0000
29.8000 3723.3334
29.8200 3493.3334
29.8400 3476.6666
29.8600 3563.3334
29.8800 3673.3334
29.9000 3523.3334
29.9200 3613.3334
29.9400 3443.3334
29.9600 3560.0000
29.9800 3193.3334
30.0000 3303.3334
30.0200 3076.6666
30.0400 3230.0000
30.0600 3183.3334
30.0800 3353.3334
30.1000 3183.3334
30.1200 3390.0000
30.1400 3403.3334
30.1600 3106.6666
30.1800 3206.6666
30.2000 3246.6666
30.2200 3176.6666
30.2400 3033.3334
30.2600 3216.6666
30.2800 3366.6666
30.3000 3226.6666
30.3200 3170.0000
30.3400 3010.0000
30.3600 3086.6666
30.3800 3190.0000
30.4000 3173.3334
30.4200 3283.3334
30.4400 3293.3334
30.4600 3146.6666
30.4800 3230.0000
30.5000 3070.0000
30.5200 3250.0000
30.5400 3416.6666
30.5600 3060.0000
30.5800 3133.3334
30.6000 2900.0000
30.6200 3070.0000
30.6400 3276.6666
30.6600 3090.0000
30.6800 3173.3334
30.7000 3153.3334
30.7200 3090.0000
30.7400 3206.6666
30.7600 3393.3334
30.7800 3273.3334
30.8000 3266.6666
30.8200 3170.0000
30.8400 3096.6666
30.8600 3096.6666
30.8800 3180.0000
30.9000 3093.3334
30.9200 3076.6666
30.9400 3110.0000
30.9600 2930.0000
30.9800 3100.0000
31.0000 3160.0000
31.0200 3170.0000
31.0400 3240.0000
31.0600 3003.3334
31.0800 2950.0000
31.1000 3236.6666
31.1200 3186.6666
31.1400 3156.6666
31.1600 3073.3334
31.1800 3256.6666
31.2000 3210.0000
31.2200 3120.0000
31.2400 3273.3334
31.2600 3016.6666
31.2800 3346.6666
31.3000 3370.0000
31.3200 3286.6666
31.3400 3353.3334
31.3600 3363.3334
31.3800 3116.6666
31.4000 3346.6666
31.4200 3256.6666
31.4400 3146.6666
31.4600 3070.0000
31.4800 3173.3334
31.5000 3100.0000
31.5200 2983.3334
31.5400 3140.0000
31.5600 3310.0000
31.5800 3240.0000
31.6000 2956.6666
31.6200 3096.6666
31.6400 3133.3334
31.6600 3140.0000
31.6800 3166.6666
31.7000 2810.0000
31.7200 2940.0000
31.7400 2920.0000
31.7600 3040.0000
31.7800 2926.6666
31.8000 3056.6666
31.8200 2923.3334
31.8400 2826.6666
31.8600 2956.6666
31.8800 2853.3334
31.9000 2896.6666
31.9200 2903.3334
31.9400 2750.0000
31.9600 2846.6666
31.9800 2783.3334
32.0000 2950.0000
32.0200 3023.3334
32.0400 2790.0000
32.0600 2746.6666
32.0800 2866.6666
32.1000 2916.6666
32.1200 2753.3334
32.1400 2806.6666
32.1600 2913.3334
32.1800 2783.3334
32.2000 2866.6666
32.2200 2920.0000
32.2400 2616.6666
32.2600 2790.0000
32.2800 2653.3334
32.3000 2736.6666
32.3200 2686.6666
32.3400 2646.6666
32.3600 2570.0000
32.3800 2570.0000
32.4000 2683.3334
32.4200 2806.6666
32.4400 2796.6666
32.4600 2740.0000
32.4800 2540.0000
32.5000 2513.3334
32.5200 2596.6666
32.5400 2680.0000
32.5600 2620.0000
32.5800 2836.6666
32.6000 2773.3334
32.6200 2520.0000
32.6400 2633.3334
32.6600 2536.6666
32.6800 2610.0000
32.7000 2663.3334
32.7200 2610.0000
32.7400 2740.0000
32.7600 2613.3334
32.7800 2666.6666
32.8000 2723.3334
32.8200 2596.6666
32.8400 2716.6666
32.8600 2490.0000
32.8800 2593.3334
32.9000 2823.3334
32.9200 2713.3334
32.9400 2440.0000
32.9600 2693.3334
32.9800 2763.3334
33.0000 2680.0000
33.0200 2633.3334
33.0400 2733.3334
33.0600 2656.6666
33.0800 2550.0000
33.1000 2810.0000
33.1200 2723.3334
33.1400 2796.6666
33.1600 2660.0000
33.1800 2783.3334
33.2000 2766.6666
33.2200 2800.0000
33.2400 2786.6666
33.2600 2720.0000
33.2800 2696.6666
33.3000 2636.6666
33.3200 2883.3334
33.3400 2700.0000
33.3600 2773.3334
33.3800 2573.3334
33.4000 2736.6666
33.4200 2583.3334
33.4400 2690.0000
33.4600 2500.0000
33.4800 2753.3334
33.5000 2756.6666
33.5200 2750.0000
33.5400 2670.0000
33.5600 2726.6666
33.5800 2530.0000
33.6000 2530.0000
33.6200 2646.6666
33.6400 2530.0000
33.6600 2540.0000
33.6800 2466.6666
33.7000 2503.3334
33.7200 2556.6666
33.7400 2706.6666
33.7600 2526.6666
33.7800 2650.0000
33.8000 2596.6666
33.8200 2476.6666
33.8400 2450.0000
33.8600 2343.3334
33.8800 2310.0000
33.9000 2500.0000
33.9200 2603.3334
33.9400 2503.3334
33.9600 2416.6666
33.9800 2543.3334
34.0000 2620.0000
