#Intensity_unit=cps
#Attenuator_coefficient=1.0000
2.0000 29685.0000
2.0200 28847.5000
2.0400 29027.5000
2.0600 28265.0000
2.0800 28157.5000
2.1000 27615.0000
2.1200 27390.0000
2.1400 26405.0000
2.1600 26070.0000
2.1800 26272.5000
2.2000 25880.0000
2.2200 25147.5000
2.2400 25057.5000
2.2600 24680.0000
2.2800 24395.0000
2.3000 23867.5000
2.3200 23597.5000
2.3400 23272.5000
2.3600 23052.5000
2.3800 22642.5000
2.4000 22805.0000
2.4200 22735.0000
2.4400 22727.5000
2.4600 23007.5000
2.4800 22460.0000
2.5000 22140.0000
2.5200 22317.5000
2.5400 21982.5000
2.5600 22107.5000
2.5800 22325.0000
2.6000 22287.5000
2.6200 21922.5000
2.6400 22360.0000
2.6600 22350.0000
2.6800 22030.0000
2.7000 22187.5000
2.7200 22945.0000
2.7400 22460.0000
2.7600 22415.0000
2.7800 22357.5000
2.8000 22460.0000
2.8200 22007.5000
2.8400 22060.0000
2.8600 21835.0000
2.8800 21777.5000
2.9000 21102.5000
2.9200 21310.0000
2.9400 21367.5000
2.9600 20482.5000
2.9800 20872.5000
3.0000 20872.5000
3.0200 20702.5000
3.0400 20662.5000
3.0600 20252.5000
3.0800 20995.0000
3.1000 20365.0000
3.1200 20010.0000
3.1400 20602.5000
3.1600 20667.5000
3.1800 20377.5000
3.2000 20192.5000
3.2200 19960.0000
3.2400 20435.0000
3.2600 20110.0000
3.2800 19660.0000
3.3000 19385.0000
3.3200 19387.5000
3.3400 19230.0000
3.3600 19405.0000
3.3800 19635.0000
3.4000 19255.0000
3.4200 18945.0000
3.4400 18980.0000
3.4600 18920.0000
3.4800 18882.5000
3.5000 18917.5000
3.5200 18460.0000
3.5400 18805.0000
3.5600 18462.5000
3.5800 18470.0000
3.6000 18357.5000
3.6200 18537.5000
3.6400 18600.0000
3.6600 18645.0000
3.6800 18145.0000
3.7000 18467.5000
3.7200 18455.0000
3.7400 18257.5000
3.7600 17755.0000
3.7800 18100.0000
3.8000 18315.0000
3.8200 17722.5000
3.8400 18007.5000
3.8600 18002.5000
3.8800 17882.5000
3.9000 17602.5000
3.9200 17285.0000
3.9400 17282.5000
3.9600 17195.0000
3.9800 17070.0000
4.0000 17265.0000
4.0200 17197.5000
4.0400 16977.5000
4.0600 16947.5000
4.0800 16910.0000
4.1000 17345.0000
4.1200 16562.5000
4.1400 16537.5000
4.1600 16667.5000
4.1800 16820.0000
4.2000 16642.5000
4.2200 16602.5000
4.2400 16622.5000
4.2600 16147.5000
4.2800 16747.5000
4.3000 16320.0000
4.3200 16085.0000
4.3400 16210.0000
4.3600 15950.0000
4.3800 16025.0000
4.4000 15927.5000
4.4200 15817.5000
4.4400 15662.5000
4.4600 15480.0000
4.4800 15687.5000
4.5000 15847.5000
4.5200 15732.5000
4.5400 16077.5000
4.5600 15415.0000
4.5800 15327.5000
4.6000 15352.5000
4.6200 15382.5000
4.6400 15252.5000
4.6600 15067.5000
4.6800 15372.5000
4.7000 15192.5000
4.7200 14650.0000
4.7400 15395.0000
4.7600 14800.0000
4.7800 14692.5000
4.8000 15095.0000
4.8200 14580.0000
4.8400 14862.5000
4.8600 14992.5000
4.8800 14570.0000
4.9000 14645.0000
4.9200 14602.5000
4.9400 14465.0000
4.9600 14552.5000
4.9800 14715.0000
5.0000 14330.0000
5.0200 14297.5000
5.0400 13982.5000
5.0600 14362.5000
5.0800 14267.5000
5.1000 13780.0000
5.1200 13872.5000
5.1400 13822.5000
5.1600 13735.0000
5.1800 13870.0000
5.2000 13675.0000
5.2200 13747.5000
5.2400 13470.0000
5.2600 13445.0000
5.2800 13420.0000
5.3000 13325.0000
5.3200 13492.5000
5.3400 12935.0000
5.3600 12700.0000
5.3800 12820.0000
5.4000 12795.0000
5.4200 12667.5000
5.4400 12767.5000
5.4600 12490.0000
5.4800 12490.0000
5.5000 12540.0000
5.5200 12502.5000
5.5400 12010.0000
5.5600 12202.5000
5.5800 12240.0000
5.6000 11775.0000
5.6200 11830.0000
5.6400 12085.0000
5.6600 11860.0000
5.6800 11830.0000
5.7000 11790.0000
5.7200 11580.0000
5.7400 11372.5000
5.7600 11017.5000
5.7800 11137.5000
5.8000 11277.5000
5.8200 11172.5000
5.8400 11107.5000
5.8600 11265.0000
5.8800 10920.0000
5.9000 10952.5000
5.9200 11187.5000
5.9400 10767.5000
5.9600 10635.0000
5.9800 10875.0000
6.0000 10760.0000
6.0200 11080.0000
6.0400 11005.0000
6.0600 11132.5000
6.0800 11245.0000
6.1000 10845.0000
6.1200 11380.0000
6.1400 11232.5000
6.1600 11575.0000
6.1800 11580.0000
6.2000 11445.0000
6.2200 11367.5000
6.2400 11202.5000
6.2600 10515.0000
6.2800 10047.5000
6.3000 9835.0000
6.3200 9540.0000
6.3400 9012.5000
6.3600 9190.0000
6.3800 9092.5000
6.4000 8777.5000
6.4200 8735.0000
6.4400 8672.5000
6.4600 8587.5000
6.4800 8342.5000
6.5000 8235.0000
6.5200 8122.5000
6.5400 8312.5000
6.5600 8455.0000
6.5800 7855.0000
6.6000 8082.5000
6.6200 8095.0000
6.6400 7947.5000
6.6600 7895.0000
6.6800 7865.0000
6.7000 7665.0000
6.7200 7735.0000
6.7400 7527.5000
6.7600 7722.5000
6.7800 7345.0000
6.8000 7730.0000
6.8200 7590.0000
6.8400 7567.5000
6.8600 7510.0000
6.8800 7522.5000
6.9000 7265.0000
6.9200 7520.0000
6.9400 7460.0000
6.9600 7465.0000
6.9800 7402.5000
7.0000 7277.5000
7.0200 7317.5000
7.0400 7422.5000
7.0600 7397.5000
7.0800 7307.5000
7.1000 7410.0000
7.1200 7207.5000
7.1400 7142.5000
7.1600 6960.0000
7.1800 7170.0000
7.2000 7382.5000
7.2200 6945.0000
7.2400 7120.0000
7.2600 7245.0000
7.2800 7075.0000
7.3000 6920.0000
7.3200 7052.5000
7.3400 6852.5000
7.3600 7077.5000
7.3800 6982.5000
7.4000 6970.0000
7.4200 6852.5000
7.4400 6760.0000
7.4600 6660.0000
7.4800 6702.5000
7.5000 6817.5000
7.5200 6840.0000
7.5400 6892.5000
7.5600 6827.5000
7.5800 6917.5000
7.6000 6797.5000
7.6200 6660.0000
7.6400 6830.0000
7.6600 6715.0000
7.6800 6770.0000
7.7000 6517.5000
7.7200 6820.0000
7.7400 6565.0000
7.7600 6812.5000
7.7800 6765.0000
7.8000 6562.5000
7.8200 6657.5000
7.8400 6757.5000
7.8600 7002.5000
7.8800 6632.5000
7.9000 6637.5000
7.9200 6870.0000
7.9400 6867.5000
7.9600 6765.0000
7.9800 6890.0000
8.0000 6770.0000
8.0200 6645.0000
8.0400 6670.0000
8.0600 6635.0000
8.0800 6977.5000
8.1000 6972.5000
8.1200 6822.5000
8.1400 6945.0000
8.1600 6772.5000
8.1800 6865.0000
8.2000 6947.5000
8.2200 6890.0000
8.2400 6932.5000
8.2600 6982.5000
8.2800 6865.0000
8.3000 7215.0000
8.3200 7140.0000
8.3400 7307.5000
8.3600 7127.5000
8.3800 7175.0000
8.4000 7402.5000
8.4200 7175.0000
8.4400 7110.0000
8.4600 7257.5000
8.4800 7447.5000
8.5000 7570.0000
8.5200 7447.5000
8.5400 7880.0000
8.5600 7787.5000
8.5800 7775.0000
8.6000 7840.0000
8.6200 7992.5000
8.6400 8342.5000
8.6600 8525.0000
8.6800 8647.5000
8.7000 8800.0000
8.7200 8900.0000
8.7400 9502.5000
8.7600 10162.5000
8.7800 10397.5000
8.8000 10807.5000
8.8200 11395.0000
8.8400 11285.0000
8.8600 11215.0000
8.8800 10590.0000
8.9000 9770.0000
8.9200 9142.5000
8.9400 8860.0000
8.9600 8437.5000
8.9800 8322.5000
9.0000 8070.0000
9.0200 7850.0000
9.0400 7437.5000
9.0600 7570.0000
9.0800 7502.5000
9.1000 7287.5000
9.1200 6807.5000
9.1400 7092.5000
9.1600 6975.0000
9.1800 6997.5000
9.2000 6672.5000
9.2200 6610.0000
9.2400 6595.0000
9.2600 6582.5000
9.2800 6467.5000
9.3000 6282.5000
9.3200 6265.0000
9.3400 6337.5000
9.3600 6267.5000
9.3800 6195.0000
9.4000 6100.0000
9.4200 6250.0000
9.4400 6210.0000
9.4600 6115.0000
9.4800 5937.5000
9.5000 5805.0000
9.5200 5707.5000
9.5400 5805.0000
9.5600 5695.0000
9.5800 5752.5000
9.6000 5615.0000
9.6200 5525.0000
9.6400 5585.0000
9.6600 5362.5000
9.6800 5407.5000
9.7000 5437.5000
9.7200 5680.0000
9.7400 5557.5000
9.7600 5680.0000
9.7800 5172.5000
9.8000 5447.5000
9.8200 5245.0000
9.8400 5230.0000
9.8600 5075.0000
9.8800 5127.5000
9.9000 5025.0000
9.9200 4905.0000
9.9400 5025.0000
9.9600 4985.0000
9.9800 5025.0000
10.0000 4970.0000
10.0200 4900.0000
10.0400 4827.5000
10.0600 4877.5000
10.0800 4807.5000
10.1000 4697.5000
10.1200 4910.0000
10.1400 4722.5000
10.1600 4620.0000
10.1800 4540.0000
10.2000 4717.5000
10.2200 4605.0000
10.2400 4590.0000
10.2600 4685.0000
10.2800 4660.0000
10.3000 4420.0000
10.3200 4637.5000
10.3400 4705.0000
10.3600 4605.0000
10.3800 4730.0000
10.4000 4452.5000
10.4200 4575.0000
10.4400 4630.0000
10.4600 4567.5000
10.4800 4672.5000
10.5000 4552.5000
10.5200 4402.5000
10.5400 4377.5000
10.5600 4487.5000
10.5800 4345.0000
10.6000 4507.5000
10.6200 4187.5000
10.6400 4372.5000
10.6600 4282.5000
10.6800 4355.0000
10.7000 4300.0000
10.7200 4100.0000
10.7400 4232.5000
10.7600 4340.0000
10.7800 4150.0000
10.8000 4065.0000
10.8200 4307.5000
10.8400 4157.5000
10.8600 4322.5000
10.8800 4272.5000
10.9000 4500.0000
10.9200 4195.0000
10.9400 4182.5000
10.9600 4155.0000
10.9800 4137.5000
11.0000 4250.0000
11.0200 4100.0000
11.0400 4112.5000
11.0600 4280.0000
11.0800 4252.5000
11.1000 4052.5000
11.1200 4125.0000
11.1400 4220.0000
11.1600 4070.0000
11.1800 4122.5000
11.2000 4062.5000
11.2200 4245.0000
11.2400 3950.0000
11.2600 4072.5000
11.2800 4135.0000
11.3000 4082.5000
11.3200 3972.5000
11.3400 4242.5000
11.3600 4142.5000
11.3800 3965.0000
11.4000 4087.5000
11.4200 3970.0000
11.4400 3910.0000
11.4600 4105.0000
11.4800 4127.5000
11.5000 4157.5000
11.5200 4195.0000
11.5400 4045.0000
11.5600 4175.0000
11.5800 4017.5000
11.6000 4060.0000
11.6200 4227.5000
11.6400 4057.5000
11.6600 4067.5000
11.6800 4155.0000
11.7000 4452.5000
11.7200 4237.5000
11.7400 4435.0000
11.7600 4370.0000
11.7800 4257.5000
11.8000 4335.0000
11.8200 4365.0000
11.8400 4485.0000
11.8600 4490.0000
11.8800 4557.5000
11.9000 4497.5000
11.9200 4442.5000
11.9400 4512.5000
11.9600 4625.0000
11.9800 4702.5000
12.0000 4797.5000
12.0200 4717.5000
12.0400 4857.5000
12.0600 5182.5000
12.0800 4945.0000
12.1000 5452.5000
12.1200 5415.0000
12.1400 5640.0000
12.1600 5762.5000
12.1800 5812.5000
12.2000 5975.0000
12.2200 6315.0000
12.2400 6447.5000
12.2600 6882.5000
12.2800 7255.0000
12.3000 7235.0000
12.3200 7857.5000
12.3400 8117.5000
12.3600 8140.0000
12.3800 8057.5000
12.4000 8040.0000
12.4200 8080.0000
12.4400 8425.0000
12.4600 8500.0000
12.4800 8530.0000
12.5000 8242.5000
12.5200 7307.5000
12.5400 6365.0000
12.5600 5880.0000
12.5800 5330.0000
12.6000 4970.0000
12.6200 4687.5000
12.6400 4417.5000
12.6600 4187.5000
12.6800 4432.5000
12.7000 4342.5000
12.7200 4222.5000
12.7400 4122.5000
12.7600 4160.0000
12.7800 3912.5000
12.8000 3720.0000
12.8200 3797.5000
12.8400 3842.5000
12.8600 3745.0000
12.8800 3930.0000
12.9000 3632.5000
12.9200 3790.0000
12.9400 3632.5000
12.9600 3565.0000
12.9800 3422.5000
13.0000 3387.5000
13.0200 3705.0000
13.0400 3480.0000
13.0600 3520.0000
13.0800 3352.5000
13.1000 3610.0000
13.1200 3537.5000
13.1400 3502.5000
13.1600 3505.0000
13.1800 3367.5000
13.2000 3365.0000
13.2200 3550.0000
13.2400 3427.5000
13.2600 3465.0000
13.2800 3197.5000
13.3000 3305.0000
13.3200 3230.0000
13.3400 3410.0000
13.3600 3382.5000
13.3800 3387.5000
13.4000 3372.5000
13.4200 3307.5000
13.4400 3305.0000
13.4600 3367.5000
13.4800 3352.5000
13.5000 3237.5000
13.5200 3360.0000
13.5400 3190.0000
13.5600 3197.5000
13.5800 3472.5000
13.6000 3272.5000
13.6200 3335.0000
13.6400 3420.0000
13.6600 3265.0000
13.6800 3402.5000
13.7000 3272.5000
13.7200 3327.5000
13.7400 3212.5000
13.7600 3242.5000
13.7800 3380.0000
13.8000 3512.5000
13.8200 3227.5000
13.8400 3360.0000
13.8600 3375.0000
13.8800 3145.0000
13.9000 3200.0000
13.9200 3272.5000
13.9400 3182.5000
13.9600 3180.0000
13.9800 3270.0000
14.0000 3242.5000
14.0200 3257.5000
14.0400 3170.0000
14.0600 3155.0000
14.0800 3132.5000
14.1000 3295.0000
14.1200 3195.0000
14.1400 3205.0000
14.1600 3222.5000
14.1800 3225.0000
14.2000 3017.5000
14.2200 3205.0000
14.2400 3217.5000
14.2600 3162.5000
14.2800 3092.5000
14.3000 3150.0000
14.3200 3192.5000
14.3400 3250.0000
14.3600 3120.0000
14.3800 2985.0000
14.4000 3110.0000
14.4200 3090.0000
14.4400 3172.5000
14.4600 3247.5000
14.4800 3002.5000
14.5000 3097.5000
14.5200 3200.0000
14.5400 3105.0000
14.5600 3075.0000
14.5800 3027.5000
14.6000 3122.5000
14.6200 3250.0000
14.6400 3140.0000
14.6600 3147.5000
14.6800 3125.0000
14.7000 3252.5000
14.7200 3087.5000
14.7400 3055.0000
14.7600 3077.5000
14.7800 3225.0000
14.8000 3065.0000
14.8200 3002.5000
14.8400 3047.5000
14.8600 3097.5000
14.8800 3157.5000
14.9000 3205.0000
14.9200 2990.0000
14.9400 3205.0000
14.9600 3110.0000
14.9800 3042.5000
15.0000 3040.0000
