#Intensity_unit=cps
#Attenuator_coefficient=1.0000
2.0000 27103.3334
2.0200 27243.3334
2.0400 27256.6666
2.0600 26130.0000
2.0800 25930.0000
2.1000 25016.6666
2.1200 25013.3334
2.1400 25440.0000
2.1600 24903.3334
2.1800 24350.0000
2.2000 23563.3334
2.2200 23696.6666
2.2400 23206.6666
2.2600 22460.0000
2.2800 22513.3334
2.3000 21376.6666
2.3200 21106.6666
2.3400 21240.0000
2.3600 20133.3334
2.3800 20586.6666
2.4000 20653.3334
2.4200 20496.6666
2.4400 19953.3334
2.4600 20340.0000
2.4800 20346.6666
2.5000 19760.0000
2.5200 19546.6666
2.5400 19476.6666
2.5600 19523.3334
2.5800 19610.0000
2.6000 19520.0000
2.6200 19106.6666
2.6400 19206.6666
2.6600 19423.3334
2.6800 19046.6666
2.7000 19230.0000
2.7200 19070.0000
2.7400 19486.6666
2.7600 19030.0000
2.7800 18776.6666
2.8000 18693.3334
2.8200 18200.0000
2.8400 18353.3334
2.8600 17946.6666
2.8800 17876.6666
2.9000 17383.3334
2.9200 17470.0000
2.9400 17616.6666
2.9600 17110.0000
2.9800 17233.3334
3.0000 16783.3334
3.0200 17073.3334
3.0400 17043.3334
3.0600 16996.6666
3.0800 16043.3334
3.1000 16193.3334
3.1200 16603.3334
3.1400 16480.0000
3.1600 15986.6666
3.1800 16203.3334
3.2000 15673.3334
3.2200 16050.0000
3.2400 15926.6666
3.2600 15553.3334
3.2800 15343.3334
3.3000 15126.6666
3.3200 15350.0000
3.3400 15543.3334
3.3600 15593.3334
3.3800 14916.6666
3.4000 15213.3334
3.4200 14993.3334
3.4400 15430.0000
3.4600 15116.6666
3.4800 15110.0000
3.5000 14893.3334
3.5200 14436.6666
3.5400 14960.0000
3.5600 14863.3334
3.5800 14790.0000
3.6000 15183.3334
3.6200 14820.0000
3.6400 14713.3334
3.6600 14943.3334
3.6800 14346.6666
3.7000 15613.3334
3.7200 14736.6666
3.7400 14583.3334
3.7600 14793.3334
3.7800 14316.6666
3.8000 14473.3334
3.8200 14546.6666
3.8400 14583.3334
3.8600 14690.0000
3.8800 14383.3334
3.9000 14560.0000
3.9200 14216.6666
3.9400 14750.0000
3.9600 14753.3334
3.9800 14503.3334
4.0000 14030.0000
4.0200 14220.0000
4.0400 13843.3334
4.0600 14153.3334
4.0800 14116.6666
4.1000 14253.3334
4.1200 14206.6666
4.1400 13863.3334
4.1600 14190.0000
4.1800 13900.0000
4.2000 14273.3334
4.2200 14660.0000
4.2400 13963.3334
4.2600 13826.6666
4.2800 13746.6666
4.3000 13673.3334
4.3200 13890.0000
4.3400 13673.3334
4.3600 13810.0000
4.3800 13853.3334
4.4000 14150.0000
4.4200 13736.6666
4.4400 13643.3334
4.4600 14006.6666
4.4800 13600.0000
4.5000 13856.6666
4.5200 13753.3334
4.5400 13320.0000
4.5600 13366.6666
4.5800 13270.0000
4.6000 13490.0000
4.6200 13596.6666
4.6400 13446.6666
4.6600 13613.3334
4.6800 13440.0000
4.7000 13610.0000
4.7200 13516.6666
4.7400 13743.3334
4.7600 13510.0000
4.7800 14023.3334
4.8000 13050.0000
4.8200 13636.6666
4.8400 13630.0000
4.8600 14183.3334
4.8800 13486.6666
4.9000 13873.3334
4.9200 13946.6666
4.9400 13183.3334
4.9600 13760.0000
4.9800 13906.6666
5.0000 13260.0000
5.0200 13530.0000
5.0400 13436.6666
5.0600 13643.3334
5.0800 13546.6666
5.1000 13683.3334
5.1200 13276.6666
5.1400 13876.6666
5.1600 14103.3334
5.1800 14010.0000
5.2000 14083.3334
5.2200 13943.3334
5.2400 13490.0000
5.2600 14116.6666
5.2800 13560.0000
5.3000 13740.0000
5.3200 13810.0000
5.3400 13563.3334
5.3600 13770.0000
5.3800 13773.3334
5.4000 14370.0000
5.4200 14186.6666
5.4400 13773.3334
5.4600 13980.0000
5.4800 14046.6666
5.5000 14083.3334
5.5200 14166.6666
5.5400 13970.0000
5.5600 14460.0000
5.5800 14630.0000
5.6000 14410.0000
5.6200 14010.0000
5.6400 14473.3334
5.6600 14173.3334
5.6800 14330.0000
5.7000 14900.0000
5.7200 14743.3334
5.7400 14656.6666
5.7600 14636.6666
5.7800 14683.3334
5.8000 14903.3334
5.8200 14976.6666
5.8400 14956.6666
5.8600 15126.6666
5.8800 15020.0000
5.9000 15083.3334
5.9200 15296.6666
5.9400 15283.3334
5.9600 15280.0000
5.9800 15663.3334
6.0000 15706.6666
6.0200 16353.3334
6.0400 16503.3334
6.0600 16540.0000
6.0800 17053.3334
6.1000 17423.3334
6.1200 18013.3334
6.1400 17843.3334
6.1600 18296.6666
6.1800 18166.6666
6.2000 18220.0000
6.2200 17973.3334
6.2400 17336.6666
6.2600 16640.0000
6.2800 17303.3334
6.3000 15860.0000
6.3200 15506.6666
6.3400 15426.6666
6.3600 15010.0000
6.3800 15143.3334
6.4000 14880.0000
6.4200 14900.0000
6.4400 14536.6666
6.4600 14380.0000
6.4800 14256.6666
6.5000 13770.0000
6.5200 14100.0000
6.5400 13850.0000
6.5600 13656.6666
6.5800 13730.0000
6.6000 13870.0000
6.6200 13853.3334
6.6400 13720.0000
6.6600 13726.6666
6.6800 13243.3334
6.7000 12923.3334
6.7200 13200.0000
6.7400 12943.3334
6.7600 12926.6666
6.7800 13270.0000
6.8000 12566.6666
6.8200 12550.0000
6.8400 13043.3334
6.8600 12576.6666
6.8800 12483.3334
6.9000 12900.0000
6.9200 12520.0000
6.9400 12243.3334
6.9600 12196.6666
6.9800 12350.0000
7.0000 12106.6666
7.0200 12313.3334
7.0400 12276.6666
7.0600 12253.3334
7.0800 11840.0000
7.1000 12356.6666
7.1200 11860.0000
7.1400 11980.0000
7.1600 11790.0000
7.1800 12043.3334
7.2000 11913.3334
7.2200 11606.6666
7.2400 11866.6666
7.2600 11626.6666
7.2800 11563.3334
7.3000 11286.6666
7.3200 11540.0000
7.3400 11640.0000
7.3600 11486.6666
7.3800 11803.3334
7.4000 10840.0000
7.4200 11256.6666
7.4400 11396.6666
7.4600 11190.0000
7.4800 10950.0000
7.5000 11040.0000
7.5200 11453.3334
7.5400 11036.6666
7.5600 10906.6666
7.5800 10880.0000
7.6000 11080.0000
7.6200 10896.6666
7.6400 10980.0000
7.6600 10926.6666
7.6800 10403.3334
7.7000 10746.6666
7.7200 10676.6666
7.7400 10406.6666
7.7600 11003.3334
7.7800 10593.3334
7.8000 10610.0000
7.8200 10376.6666
7.8400 10510.0000
7.8600 10433.3334
7.8800 10610.0000
7.9000 10513.3334
7.9200 10433.3334
7.9400 10406.6666
7.9600 10286.6666
7.9800 10496.6666
8.0000 10390.0000
8.0200 10250.0000
8.0400 10076.6666
8.0600 10170.0000
8.0800 10346.6666
8.1000 10363.3334
8.1200 10290.0000
8.1400 10070.0000
8.1600 10486.6666
8.1800 10263.3334
8.2000 10163.3334
8.2200 10400.0000
8.2400 10143.3334
8.2600 10246.6666
8.2800 10343.3334
8.3000 10010.0000
8.3200 10286.6666
8.3400 10236.6666
8.3600 10470.0000
8.3800 10156.6666
8.4000 10256.6666
8.4200 10253.3334
8.4400 10663.3334
8.4600 10090.0000
8.4800 10386.6666
8.5000 10386.6666
8.5200 10633.3334
8.5400 10483.3334
8.5600 10573.3334
8.5800 10433.3334
8.6000 10816.6666
8.6200 10863.3334
8.6400 11093.3334
8.6600 11223.3334
8.6800 11303.3334
8.7000 12076.6666
8.7200 12010.0000
8.7400 12596.6666
8.7600 12723.3334
8.7800 13503.3334
8.8000 13726.6666
8.8200 13873.3334
8.8400 13383.3334
8.8600 12103.3334
8.8800 11373.3334
8.9000 10623.3334
8.9200 10050.0000
8.9400 9696.6666
8.9600 8810.0000
8.9800 8860.0000
9.0000 8736.6666
9.0200 8270.0000
9.0400 8040.0000
9.0600 8073.3334
9.0800 7760.0000
9.1000 7390.0000
9.1200 7370.0000
9.1400 7083.3334
9.1600 7073.3334
9.1800 6920.0000
9.2000 6880.0000
9.2200 6790.0000
9.2400 6620.0000
9.2600 6393.3334
9.2800 6560.0000
9.3000 6260.0000
9.3200 6026.6666
9.3400 6160.0000
9.3600 5923.3334
9.3800 6020.0000
9.4000 6070.0000
9.4200 5673.3334
9.4400 5863.3334
9.4600 5813.3334
9.4800 5410.0000
9.5000 5610.0000
9.5200 5386.6666
9.5400 5366.6666
9.5600 5326.6666
9.5800 5483.3334
9.6000 5280.0000
9.6200 5073.3334
9.6400 5120.0000
9.6600 5306.6666
9.6800 4843.3334
9.7000 4993.3334
9.7200 5063.3334
9.7400 5006.6666
9.7600 5030.0000
9.7800 5100.0000
9.8000 4683.3334
9.8200 4816.6666
9.8400 4693.3334
9.8600 4716.6666
9.8800 4630.0000
9.9000 4656.6666
9.9200 4776.6666
9.9400 4576.6666
9.9600 4576.6666
9.9800 4750.0000
10.0000 4816.6666
10.0200 4520.0000
10.0400 4486.6666
10.0600 4326.6666
10.0800 4663.3334
10.1000 4626.6666
10.1200 4443.3334
10.1400 4513.3334
10.1600 4396.6666
10.1800 4350.0000
10.2000 4410.0000
10.2200 4206.6666
10.2400 4216.6666
10.2600 4193.3334
10.2800 4416.6666
10.3000 4166.6666
10.3200 4226.6666
10.3400 4466.6666
10.3600 4260.0000
10.3800 4220.0000
10.4000 4380.0000
10.4200 4326.6666
10.4400 4373.3334
10.4600 4220.0000
10.4800 4350.0000
10.5000 4073.3334
10.5200 4093.3334
10.5400 4166.6666
10.5600 4216.6666
10.5800 4316.6666
10.6000 4010.0000
10.6200 4040.0000
10.6400 4113.3334
10.6600 4383.3334
10.6800 4256.6666
10.7000 4200.0000
10.7200 4170.0000
10.7400 4070.0000
10.7600 4093.3334
10.7800 3980.0000
10.8000 4260.0000
10.8200 4066.6666
10.8400 4136.6666
10.8600 4120.0000
10.8800 3913.3334
10.9000 3933.3334
10.9200 4106.6666
10.9400 3956.6666
10.9600 4123.3334
10.9800 4020.0000
11.0000 4023.3334
11.0200 3990.0000
11.0400 3976.6666
11.0600 4056.6666
11.0800 3883.3334
11.1000 4106.6666
11.1200 4043.3334
11.1400 3973.3334
11.1600 4020.0000
11.1800 3930.0000
11.2000 3926.6666
11.2200 4090.0000
11.2400 4000.0000
11.2600 3996.6666
11.2800 3873.3334
11.3000 4083.3334
11.3200 3980.0000
11.3400 4070.0000
11.3600 3950.0000
11.3800 3926.6666
11.4000 4050.0000
11.4200 3833.3334
11.4400 4170.0000
11.4600 3896.6666
11.4800 4050.0000
11.5000 4253.3334
11.5200 4050.0000
11.5400 4023.3334
11.5600 3990.0000
11.5800 4270.0000
11.6000 4053.3334
11.6200 4153.3334
11.6400 4083.3334
11.6600 4336.6666
11.6800 4363.3334
11.7000 4330.0000
11.7200 4413.3334
11.7400 4386.6666
11.7600 4216.6666
11.7800 4433.3334
11.8000 4556.6666
11.8200 4423.3334
11.8400 4353.3334
11.8600 4666.6666
11.8800 4736.6666
11.9000 4506.6666
11.9200 4816.6666
11.9400 4756.6666
11.9600 4956.6666
11.9800 4980.0000
12.0000 5156.6666
12.0200 5043.3334
12.0400 5230.0000
12.0600 5116.6666
12.0800 5466.6666
12.1000 5736.6666
12.1200 5840.0000
12.1400 6110.0000
12.1600 6393.3334
12.1800 6716.6666
12.2000 6796.6666
12.2200 6960.0000
12.2400 7260.0000
12.2600 7693.3334
12.2800 8333.3334
12.3000 8400.0000
12.3200 8936.6666
12.3400 9410.0000
12.3600 9526.6666
12.3800 9200.0000
12.4000 9373.3334
12.4200 9330.0000
12.4400 9670.0000
12.4600 9670.0000
12.4800 9523.3334
12.5000 8776.6666
12.5200 7583.3334
12.5400 6603.3334
12.5600 5996.6666
12.5800 5723.3334
12.6000 5293.3334
12.6200 4996.6666
12.6400 4710.0000
12.6600 4596.6666
12.6800 4753.3334
12.7000 4380.0000
12.7200 4316.6666
12.7400 4070.0000
12.7600 4146.6666
12.7800 4180.0000
12.8000 4153.3334
12.8200 3873.3334
12.8400 3810.0000
12.8600 3836.6666
12.8800 3746.6666
12.9000 3616.6666
12.9200 3580.0000
12.9400 3733.3334
12.9600 3663.3334
12.9800 3586.6666
13.0000 3586.6666
13.0200 3516.6666
13.0400 3423.3334
13.0600 3573.3334
13.0800 3580.0000
13.1000 3440.0000
13.1200 3443.3334
13.1400 3393.3334
13.1600 3403.3334
13.1800 3586.6666
13.2000 3580.0000
13.2200 3290.0000
13.2400 3480.0000
13.2600 3426.6666
13.2800 3466.6666
13.3000 3486.6666
13.3200 3276.6666
13.3400 3083.3334
13.3600 3340.0000
13.3800 3133.3334
13.4000 3273.3334
13.4200 3226.6666
13.4400 3243.3334
13.4600 3070.0000
13.4800 3293.3334
13.5000 3046.6666
13.5200 3250.0000
13.5400 3406.6666
13.5600 3010.0000
13.5800 3150.0000
13.6000 3253.3334
13.6200 3353.3334
13.6400 3223.3334
13.6600 3276.6666
13.6800 2933.3334
13.7000 3153.3334
13.7200 3313.3334
13.7400 3300.0000
13.7600 3323.3334
13.7800 3310.0000
13.8000 3300.0000
13.8200 3193.3334
13.8400 3176.6666
13.8600 3373.3334
13.8800 3103.3334
13.9000 3070.0000
13.9200 3080.0000
13.9400 3170.0000
13.9600 3313.3334
13.9800 3156.6666
14.0000 3293.3334
14.0200 3146.6666
14.0400 3016.6666
14.0600 3350.0000
14.0800 3000.0000
14.1000 3153.3334
14.1200 3110.0000
14.1400 3206.6666
14.1600 3100.0000
14.1800 3430.0000
14.2000 3076.6666
14.2200 2936.6666
14.2400 3010.0000
14.2600 3046.6666
14.2800 3073.3334
14.3000 3120.0000
14.3200 3113.3334
14.3400 3156.6666
14.3600 3116.6666
14.3800 3010.0000
14.4000 3146.6666
14.4200 3286.6666
14.4400 3013.3334
14.4600 2973.3334
14.4800 3080.0000
14.5000 3180.0000
14.5200 3096.6666
14.5400 3123.3334
14.5600 3153.3334
14.5800 2930.0000
14.6000 3110.0000
14.6200 3120.0000
14.6400 2990.0000
14.6600 2980.0000
14.6800 3070.0000
14.7000 3010.0000
14.7200 3080.0000
14.7400 3003.3334
14.7600 3056.6666
14.7800 3173.3334
14.8000 2966.6666
14.8200 3023.3334
14.8400 3016.6666
14.8600 2830.0000
14.8800 2813.3334
14.9000 3026.6666
14.9200 3090.0000
14.9400 2933.3334
14.9600 2966.6666
14.9800 2846.6666
15.0000 3170.0000
15.0200 2923.3334
15.0400 3026.6666
15.0600 2963.3334
15.0800 3086.6666
15.1000 2936.6666
15.1200 2896.6666
15.1400 3030.0000
15.1600 3110.0000
15.1800 2866.6666
15.2000 3076.6666
15.2200 2930.0000
15.2400 2890.0000
15.2600 2890.0000
15.2800 2990.0000
15.3000 2960.0000
15.3200 2890.0000
15.3400 2920.0000
15.3600 3060.0000
15.3800 3056.6666
15.4000 2870.0000
15.4200 3050.0000
15.4400 2936.6666
15.4600 2943.3334
15.4800 3016.6666
15.5000 3040.0000
15.5200 3053.3334
15.5400 2970.0000
15.5600 2886.6666
15.5800 3113.3334
15.6000 2900.0000
15.6200 3026.6666
15.6400 3060.0000
15.6600 2843.3334
15.6800 3100.0000
15.7000 2996.6666
15.7200 2993.3334
15.7400 2860.0000
15.7600 2926.6666
15.7800 2900.0000
15.8000 2890.0000
15.8200 3030.0000
15.8400 2780.0000
15.8600 2846.6666
15.8800 2873.3334
15.9000 2986.6666
15.9200 3060.0000
15.9400 3103.3334
15.9600 2806.6666
15.9800 2986.6666
16.0000 2870.0000
16.0200 2890.0000
16.0400 3000.0000
16.0600 2920.0000
16.0800 2910.0000
16.1000 2806.6666
16.1200 2933.3334
16.1400 2986.6666
16.1600 3063.3334
16.1800 2930.0000
16.2000 2883.3334
16.2200 3286.6666
16.2400 3026.6666
16.2600 2783.3334
16.2800 3050.0000
16.3000 2953.3334
16.3200 2956.6666
16.3400 2860.0000
16.3600 3026.6666
16.3800 3006.6666
16.4000 2986.6666
16.4200 2983.3334
16.4400 3010.0000
16.4600 3100.0000
16.4800 3096.6666
16.5000 2956.6666
16.5200 3086.6666
16.5400 2943.3334
16.5600 3046.6666
16.5800 2966.6666
16.6000 2890.0000
16.6200 3096.6666
16.6400 3003.3334
16.6600 2990.0000
16.6800 3123.3334
16.7000 3010.0000
16.7200 2976.6666
16.7400 3196.6666
16.7600 3183.3334
16.7800 2936.6666
16.8000 2990.0000
16.8200 2993.3334
16.8400 3136.6666
16.8600 3173.3334
16.8800 3176.6666
16.9000 3220.0000
16.9200 3026.6666
16.9400 3223.3334
16.9600 3166.6666
16.9800 3323.3334
17.0000 3096.6666
17.0200 3106.6666
17.0400 3253.3334
17.0600 3183.3334
17.0800 3226.6666
17.1000 3150.0000
17.1200 3190.0000
17.1400 3323.3334
17.1600 3263.3334
17.1800 3223.3334
17.2000 3076.6666
17.2200 3136.6666
17.2400 3186.6666
17.2600 3286.6666
17.2800 3263.3334
17.3000 3316.6666
17.3200 3480.0000
17.3400 3456.6666
17.3600 3530.0000
17.3800 3456.6666
17.4000 3470.0000
17.4200 3516.6666
17.4400 3693.3334
17.4600 3720.0000
17.4800 3603.3334
17.5000 3636.6666
17.5200 3720.0000
17.5400 3853.3334
17.5600 3803.3334
17.5800 3910.0000
17.6000 4003.3334
17.6200 4286.6666
17.6400 4370.0000
17.6600 4620.0000
17.6800 4990.0000
17.7000 5020.0000
17.7200 5320.0000
17.7400 5213.3334
17.7600 5590.0000
17.7800 5316.6666
17.8000 5083.3334
17.8200 4883.3334
17.8400 4850.0000
17.8600 4636.6666
17.8800 4473.3334
17.9000 4260.0000
17.9200 4180.0000
17.9400 4240.0000
17.9600 4270.0000
17.9800 4053.3334
18.0000 3960.0000
18.0200 3980.0000
18.0400 3990.0000
18.0600 3803.3334
18.0800 3856.6666
18.1000 3930.0000
18.1200 3943.3334
18.1400 4006.6666
18.1600 3756.6666
18.1800 3720.0000
18.2000 3756.6666
18.2200 3820.0000
18.2400 3913.3334
18.2600 3720.0000
18.2800 3776.6666
18.3000 3853.3334
18.3200 3706.6666
18.3400 3660.0000
18.3600 3716.6666
18.3800 3526.6666
18.4000 3710.0000
18.4200 3610.0000
18.4400 3710.0000
18.4600 3793.3334
18.4800 3600.0000
18.5000 3850.0000
18.5200 3893.3334
18.5400 4160.0000
18.5600 4060.0000
18.5800 3806.6666
18.6000 4043.3334
18.6200 4126.6666
18.6400 3973.3334
18.6600 4390.0000
18.6800 4203.3334
18.7000 4400.0000
18.7200 4276.6666
18.7400 4603.3334
18.7600 4340.0000
18.7800 4286.6666
18.8000 4190.0000
18.8200 4056.6666
18.8400 3850.0000
18.8600 3466.6666
18.8800 3503.3334
18.9000 3386.6666
18.9200 3340.0000
18.9400 3190.0000
18.9600 3200.0000
18.9800 3060.0000
19.0000 3203.3334
19.0200 3376.6666
19.0400 3320.0000
19.0600 3180.0000
19.0800 3093.3334
19.1000 3270.0000
19.1200 3060.0000
19.1400 2910.0000
19.1600 3230.0000
19.1800 3103.3334
19.2000 3030.0000
19.2200 3000.0000
19.2400 3360.0000
19.2600 3230.0000
19.2800 3106.6666
19.3000 3153.3334
19.3200 2996.6666
19.3400 3103.3334
19.3600 3076.6666
19.3800 3160.0000
19.4000 2950.0000
19.4200 3040.0000
19.4400 3276.6666
19.4600 3296.6666
19.4800 3490.0000
19.5000 3080.0000
19.5200 3256.6666
19.5400 3180.0000
19.5600 3260.0000
19.5800 3440.0000
19.6000 3403.3334
19.6200 3690.0000
19.6400 3583.3334
19.6600 3743.3334
19.6800 3920.0000
19.7000 4110.0000
19.7200 3916.6666
19.7400 3976.6666
19.7600 3940.0000
19.7800 3810.0000
19.8000 3943.3334
19.8200 3776.6666
19.8400 3823.3334
19.8600 3950.0000
19.8800 3896.6666
19.9000 3856.6666
19.9200 3766.6666
19.9400 3400.0000
19.9600 3623.3334
19.9800 3513.3334
20.0000 3483.3334
20.0200 3466.6666
20.0400 3523.3334
20.0600 3466.6666
20.0800 3333.3334
20.1000 3483.3334
20.1200 3416.6666
20.1400 3463.3334
20.1600 3313.3334
20.1800 3330.0000
20.2000 3280.0000
20.2200 3226.6666
20.2400 3490.0000
20.2600 3330.0000
20.2800 3223.3334
20.3000 3236.6666
20.3200 3263.3334
20.3400 3346.6666
20.3600 3340.0000
20.3800 3283.3334
20.4000 3280.0000
20.4200 3343.3334
20.4400 3223.3334
20.4600 3263.3334
20.4800 3280.0000
20.5000 3296.6666
20.5200 3140.0000
20.5400 3253.3334
20.5600 3296.6666
20.5800 3066.6666
20.6000 3326.6666
20.6200 3173.3334
20.6400 3053.3334
20.6600 3206.6666
20.6800 3323.3334
20.7000 3220.0000
20.7200 3506.6666
20.7400 3596.6666
20.7600 3643.3334
20.7800 4216.6666
20.8000 4936.6666
20.8200 6123.3334
20.8400 6150.0000
20.8600 5503.3334
20.8800 5290.0000
20.9000 4523.3334
20.9200 3940.0000
20.9400 3593.3334
20.9600 3550.0000
20.9800 3416.6666
21.0000 3503.3334
21.0200 3410.0000
21.0400 3210.0000
21.0600 3113.3334
21.0800 3166.6666
21.1000 3236.6666
21.1200 3153.3334
21.1400 3360.0000
21.1600 3136.6666
21.1800 3103.3334
21.2000 3190.0000
21.2200 3336.6666
21.2400 2993.3334
21.2600 3143.3334
21.2800 3180.0000
21.3000 3146.6666
21.3200 3270.0000
21.3400 3083.3334
21.3600 3186.6666
21.3800 3010.0000
21.4000 3123.3334
21.4200 3003.3334
21.4400 3030.0000
21.4600 3056.6666
21.4800 2983.3334
21.5000 3096.6666
21.5200 2886.6666
21.5400 3113.3334
21.5600 3153.3334
21.5800 3033.3334
21.6000 3016.6666
21.6200 2946.6666
21.6400 3120.0000
21.6600 2963.3334
21.6800 2920.0000
21.7000 2930.0000
21.7200 3003.3334
21.7400 3170.0000
21.7600 2906.6666
21.7800 2826.6666
21.8000 2923.3334
21.8200 2860.0000
21.8400 2820.0000
21.8600 2930.0000
21.8800 2953.3334
21.9000 2976.6666
21.9200 2956.6666
21.9400 2893.3334
21.9600 3016.6666
21.9800 3066.6666
22.0000 3186.6666
22.0200 3240.0000
22.0400 3203.3334
22.0600 3156.6666
22.0800 3153.3334
22.1000 2956.6666
22.1200 2846.6666
22.1400 2930.0000
22.1600 2903.3334
22.1800 2923.3334
22.2000 2843.3334
22.2200 2926.6666
22.2400 3003.3334
22.2600 2913.3334
22.2800 2910.0000
22.3000 2956.6666
22.3200 2996.6666
22.3400 2900.0000
22.3600 2896.6666
22.3800 3080.0000
22.4000 2843.3334
22.4200 2906.6666
22.4400 2956.6666
22.4600 2833.3334
22.4800 2943.3334
22.5000 2920.0000
22.5200 2910.0000
22.5400 2840.0000
22.5600 2953.3334
22.5800 2883.3334
22.6000 2790.0000
22.6200 2736.6666
22.6400 3053.3334
22.6600 2880.0000
22.6800 3116.6666
22.7000 3003.3334
22.7200 2800.0000
22.7400 2923.3334
22.7600 2873.3334
22.7800 2890.0000
22.8000 2970.0000
22.8200 2843.3334
22.8400 3043.3334
22.8600 3006.6666
22.8800 3090.0000
22.9000 3066.6666
22.9200 3006.6666
22.9400 3073.3334
22.9600 3033.3334
22.9800 2930.0000
23.0000 3096.6666
23.0200 3066.6666
23.0400 3183.3334
23.0600 2973.3334
23.0800 3063.3334
23.1000 2853.3334
23.1200 3083.3334
23.1400 2916.6666
23.1600 2910.0000
23.1800 3010.0000
23.2000 2876.6666
23.2200 2960.0000
23.2400 3053.3334
23.2600 2816.6666
23.2800 3036.6666
23.3000 2856.6666
23.3200 3043.3334
23.3400 3223.3334
23.3600 3226.6666
23.3800 3180.0000
23.4000 3196.6666
23.4200 3173.3334
23.4400 3246.6666
23.4600 3220.0000
23.4800 3143.3334
23.5000 3323.3334
23.5200 3350.0000
23.5400 3570.0000
23.5600 3226.6666
23.5800 3316.6666
23.6000 3286.6666
23.6200 3296.6666
23.6400 3040.0000
23.6600 3210.0000
23.6800 3343.3334
23.7000 3236.6666
23.7200 3066.6666
23.7400 3043.3334
23.7600 3173.3334
23.7800 3180.0000
23.8000 3136.6666
23.8200 3313.3334
23.8400 2993.3334
23.8600 3313.3334
23.8800 3133.3334
23.9000 3130.0000
23.9200 3340.0000
23.9400 3080.0000
23.9600 3170.0000
23.9800 3236.6666
24.0000 3170.0000
24.0200 3240.0000
24.0400 3283.3334
24.0600 3220.0000
24.0800 3240.0000
24.1000 3343.3334
24.1200 3433.3334
24.1400 3583.3334
24.1600 3546.6666
24.1800 3620.0000
24.2000 3546.6666
24.2200 3566.6666
24.2400 3456.6666
24.2600 3493.3334
24.2800 3710.0000
24.3000 3623.3334
24.3200 3506.6666
24.3400 3643.3334
24.3600 3566.6666
24.3800 3483.3334
24.4000 3766.6666
24.4200 3566.6666
24.4400 3710.0000
24.4600 3670.0000
24.4800 3743.3334
24.5000 3856.6666
24.5200 3916.6666
24.5400 4013.3334
24.5600 3963.3334
24.5800 4113.3334
24.6000 4143.3334
24.6200 4470.0000
24.6400 4183.3334
24.6600 4643.3334
24.6800 4610.0000
24.7000 4616.6666
24.7200 4930.0000
24.7400 5126.6666
24.7600 4880.0000
24.7800 5513.3334
24.8000 5856.6666
24.8200 6000.0000
24.8400 6503.3334
24.8600 6393.3334
24.8800 6343.3334
24.9000 6480.0000
24.9200 6353.3334
24.9400 6460.0000
24.9600 6280.0000
24.9800 6616.6666
25.0000 6210.0000
25.0200 6270.0000
25.0400 6060.0000
25.0600 6326.6666
25.0800 6413.3334
25.1000 6756.6666
25.1200 6940.0000
25.1400 6873.3334
25.1600 6510.0000
25.1800 6420.0000
25.2000 6000.0000
25.2200 5653.3334
25.2400 5383.3334
25.2600 5453.3334
25.2800 5523.3334
25.3000 5196.6666
25.3200 5136.6666
25.3400 4850.0000
25.3600 4990.0000
25.3800 4863.3334
25.4000 4590.0000
25.4200 4506.6666
25.4400 4596.6666
25.4600 4523.3334
25.4800 4583.3334
25.5000 4580.0000
25.5200 4663.3334
25.5400 4516.6666
25.5600 4496.6666
25.5800 4376.6666
25.6000 4586.6666
25.6200 4600.0000
25.6400 4280.0000
25.6600 4260.0000
25.6800 4236.6666
25.7000 4486.6666
25.7200 4423.3334
25.7400 4393.3334
25.7600 4283.3334
25.7800 4070.0000
25.8000 4113.3334
25.8200 4370.0000
25.8400 4136.6666
25.8600 4386.6666
25.8800 4370.0000
25.9000 4196.6666
25.9200 4276.6666
25.9400 4093.3334
25.9600 4360.0000
25.9800 4360.0000
26.0000 4596.6666
26.0200 4270.0000
26.0400 4256.6666
26.0600 4413.3334
26.0800 4556.6666
26.1000 4400.0000
26.1200 4573.3334
26.1400 4703.3334
26.1600 4586.6666
26.1800 4513.3334
26.2000 4580.0000
26.2200 4660.0000
26.2400 4523.3334
26.2600 4696.6666
26.2800 4760.0000
26.3000 4893.3334
26.3200 5126.6666
26.3400 5106.6666
26.3600 4966.6666
26.3800 5326.6666
26.4000 5650.0000
26.4200 5623.3334
26.4400 5933.3334
26.4600 6193.3334
26.4800 6476.6666
26.5000 6690.0000
26.5200 7373.3334
26.5400 8416.6666
26.5600 10286.6666
26.5800 13873.3334
26.6000 19786.6666
26.6200 20053.3334
26.6400 15843.3334
26.6600 15223.3334
26.6800 15376.6666
26.7000 12916.6666
26.7200 10506.6666
26.7400 10040.0000
26.7600 9330.0000
26.7800 8963.3334
26.8000 8503.3334
26.8200 8000.0000
26.8400 7706.6666
26.8600 6883.3334
26.8800 6676.6666
26.9000 6060.0000
26.9200 6053.3334
26.9400 5916.6666
26.9600 5363.3334
26.9800 5306.6666
27.0000 5443.3334
27.0200 5010.0000
27.0400 5200.0000
27.0600 4986.6666
27.0800 5040.0000
27.1000 4763.3334
27.1200 4653.3334
27.1400 4796.6666
27.1600 4683.3334
27.1800 4696.6666
27.2000 4426.6666
27.2200 4550.0000
27.2400 4370.0000
27.2600 4720.0000
27.2800 4450.0000
27.3000 4353.3334
27.3200 4603.3334
27.3400 4430.0000
27.3600 4486.6666
27.3800 4570.0000
27.4000 4600.0000
27.4200 4853.3334
27.4400 4693.3334
27.4600 4866.6666
27.4800 4956.6666
27.5000 4586.6666
27.5200 4610.0000
27.5400 4356.6666
27.5600 4303.3334
27.5800 4246.6666
27.6000 4213.3334
27.6200 4273.3334
27.6400 4206.6666
27.6600 4173.3334
27.6800 4586.6666
27.7000 4490.0000
27.7200 4450.0000
27.7400 4406.6666
27.7600 4353.3334
27.7800 4466.6666
27.8000 4376.6666
27.8200 4453.3334
27.8400 4410.0000
27.8600 4540.0000
27.8800 4723.3334
27.9000 5013.3334
27.9200 4843.3334
27.9400 4766.6666
27.9600 4796.6666
27.9800 4503.3334
28.0000 4320.0000
28.0200 4016.6666
28.0400 3963.3334
28.0600 3813.3334
28.0800 3906.6666
28.1000 3740.0000
28.1200 3800.0000
28.1400 3503.3334
28.1600 3686.6666
28.1800 3926.6666
28.2000 3626.6666
28.2200 3720.0000
28.2400 3686.6666
28.2600 3550.0000
28.2800 3580.0000
28.3000 3630.0000
28.3200 3783.3334
28.3400 3530.0000
28.3600 3713.3334
28.3800 3473.3334
28.4000 3410.0000
28.4200 3363.3334
28.4400 3566.6666
28.4600 3706.6666
28.4800 3576.6666
28.5000 3466.6666
28.5200 3620.0000
28.5400 3720.0000
28.5600 3533.3334
28.5800 3580.0000
28.6000 3406.6666
28.6200 3296.6666
28.6400 3426.6666
28.6600 3426.6666
28.6800 3550.0000
28.7000 3320.0000
28.7200 3430.0000
28.7400 3113.3334
28.7600 3130.0000
28.7800 3243.3334
28.8000 3356.6666
28.8200 3300.0000
28.8400 3350.0000
28.8600 3166.6666
28.8800 3313.3334
28.9000 3426.6666
28.9200 3290.0000
28.9400 3203.3334
28.9600 3336.6666
28.9800 3286.6666
29.0000 3133.3334
29.0200 3286.6666
29.0400 3326.6666
29.0600 3240.0000
29.0800 3213.3334
29.1000 3156.6666
29.1200 3220.0000
29.1400 3216.6666
29.1600 3063.3334
29.1800 3263.3334
29.2000 3323.3334
29.2200 3223.3334
29.2400 3193.3334
29.2600 3240.0000
29.2800 3446.6666
29.3000 3320.0000
29.3200 3203.3334
29.3400 3156.6666
29.3600 3170.0000
29.3800 3256.6666
29.4000 3096.6666
29.4200 3203.3334
29.4400 3286.6666
29.4600 3113.3334
29.4800 3280.0000
29.5000 3136.6666
29.5200 3050.0000
29.5400 3256.6666
29.5600 3106.6666
29.5800 3276.6666
29.6000 3163.3334
29.6200 3096.6666
29.6400 3300.0000
29.6600 3430.0000
29.6800 3226.6666
29.7000 3260.0000
29.7200 3380.0000
29.7400 3266.6666
29.7600 3346.6666
29.7800 3456.6666
29.8000 3510.0000
29.8200 3260.0000
29.8400 3426.6666
29.8600 3356.6666
29.8800 3173.3334
29.9000 3560.0000
29.9200 3190.0000
29.9400 3506.6666
29.9600 3460.0000
29.9800 3203.3334
30.0000 3210.0000
30.0200 3110.0000
30.0400 3206.6666
30.0600 3456.6666
30.0800 3176.6666
30.1000 3306.6666
30.1200 3120.0000
30.1400 3000.0000
30.1600 2900.0000
30.1800 3100.0000
30.2000 3230.0000
30.2200 3230.0000
30.2400 3173.3334
30.2600 3013.3334
30.2800 3070.0000
30.3000 2980.0000
30.3200 2976.6666
30.3400 2916.6666
30.3600 2963.3334
30.3800 3013.3334
30.4000 3296.6666
30.4200 3293.3334
30.4400 3330.0000
30.4600 3220.0000
30.4800 3016.6666
30.5000 3026.6666
30.5200 3156.6666
30.5400 2873.3334
30.5600 3093.3334
30.5800 2990.0000
30.6000 3016.6666
30.6200 2826.6666
30.6400 3170.0000
30.6600 2956.6666
30.6800 3093.3334
30.7000 3026.6666
30.7200 2923.3334
30.7400 3096.6666
30.7600 3046.6666
30.7800 3173.3334
30.8000 3316.6666
30.8200 3126.6666
30.8400 3056.6666
30.8600 2933.3334
30.8800 3103.3334
30.9000 3093.3334
30.9200 3073.3334
30.9400 2980.0000
30.9600 2896.6666
30.9800 3126.6666
31.0000 2986.6666
31.0200 2976.6666
31.0400 3070.0000
31.0600 3076.6666
31.0800 3250.0000
31.1000 3126.6666
31.1200 3153.3334
31.1400 3186.6666
31.1600 3193.3334
31.1800 3293.3334
31.2000 3323.3334
31.2200 3333.3334
31.2400 3216.6666
31.2600 3443.3334
31.2800 3243.3334
31.3000 3353.3334
31.3200 3203.3334
31.3400 3010.0000
31.3600 3160.0000
31.3800 3043.3334
31.4000 3163.3334
31.4200 3370.0000
31.4400 3270.0000
31.4600 3323.3334
31.4800 3246.6666
31.5000 3126.6666
31.5200 3160.0000
31.5400 3153.3334
31.5600 3066.6666
31.5800 3260.0000
31.6000 3076.6666
31.6200 3063.3334
31.6400 3063.3334
31.6600 3070.0000
31.6800 2883.3334
31.7000 2956.6666
31.7200 2766.6666
31.7400 2786.6666
31.7600 2846.6666
31.7800 2816.6666
31.8000 2726.6666
31.8200 2826.6666
31.8400 2896.6666
31.8600 2780.0000
31.8800 2900.0000
31.9000 2993.3334
31.9200 2736.6666
31.9400 2850.0000
31.9600 2866.6666
31.9800 2693.3334
32.0000 2766.6666
32.0200 2706.6666
32.0400 2760.0000
32.0600 2906.6666
32.0800 2676.6666
32.1000 2793.3334
32.1200 2820.0000
32.1400 2900.0000
32.1600 3023.3334
32.1800 2830.0000
32.2000 2696.6666
32.2200 2720.0000
32.2400 2453.3334
32.2600 2653.3334
32.2800 2563.3334
32.3000 2746.6666
32.3200 2646.6666
32.3400 2660.0000
32.3600 2723.3334
32.3800 2446.6666
32.4000 2550.0000
32.4200 2450.0000
32.4400 2680.0000
32.4600 2636.6666
32.4800 2626.6666
32.5000 2680.0000
32.5200 2603.3334
32.5400 2473.3334
32.5600 2693.3334
32.5800 2483.3334
32.6000 2773.3334
32.6200 2666.6666
32.6400 2546.6666
32.6600 2726.6666
32.6800 2790.0000
32.7000 2520.0000
32.7200 2546.6666
32.7400 2556.6666
32.7600 2566.6666
32.7800 2543.3334
32.8000 2683.3334
32.8200 2606.6666
32.8400 2426.6666
32.8600 2580.0000
32.8800 2510.0000
32.9000 2700.0000
32.9200 2546.6666
32.9400 2560.0000
32.9600 2576.6666
32.9800 2780.0000
33.0000 2460.0000
33.0200 2603.3334
33.0400 2790.0000
33.0600 2606.6666
33.0800 2726.6666
33.1000 2750.0000
33.1200 2546.6666
33.1400 2813.3334
33.1600 2720.0000
33.1800 2753.3334
33.2000 2700.0000
33.2200 2613.3334
33.2400 2616.6666
33.2600 2680.0000
33.2800 2603.3334
33.3000 2596.6666
33.3200 2700.0000
33.3400 2823.3334
33.3600 2440.0000
33.3800 2646.6666
33.4000 2556.6666
33.4200 2620.0000
33.4400 2516.6666
33.4600 2610.0000
33.4800 2533.3334
33.5000 2603.3334
33.5200 2536.6666
33.5400 2683.3334
33.5600 2500.0000
33.5800 2513.3334
33.6000 2536.6666
33.6200 2613.3334
33.6400 2460.0000
33.6600 2356.6666
33.6800 2420.0000
33.7000 2373.3334
33.7200 2596.6666
33.7400 2693.3334
33.7600 2453.3334
33.7800 2526.6666
33.8000 2553.3334
33.8200 2496.6666
33.8400 2430.0000
33.8600 2400.0000
33.8800 2543.3334
33.9000 2510.0000
33.9200 2560.0000
33.9400 2320.0000
33.9600 2486.6666
33.9800 2446.6666
34.0000 2420.0000
