#Intensity_unit=cps
#Attenuator_coefficient=1.0000
2.0000 21860.0000
2.0200 21493.3334
2.0400 21200.0000
2.0600 21270.0000
2.0800 20696.6666
2.1000 20083.3334
2.1200 19343.3334
2.1400 19200.0000
2.1600 18520.0000
2.1800 18340.0000
2.2000 17860.0000
2.2200 17766.6666
2.2400 17120.0000
2.2600 16730.0000
2.2800 16456.6666
2.3000 15453.3334
2.3200 15643.3334
2.3400 15133.3334
2.3600 14460.0000
2.3800 14506.6666
2.4000 14100.0000
2.4200 13930.0000
2.4400 13860.0000
2.4600 13540.0000
2.4800 14153.3334
2.5000 13263.3334
2.5200 13136.6666
2.5400 13120.0000
2.5600 13640.0000
2.5800 12920.0000
2.6000 13253.3334
2.6200 13376.6666
2.6400 13240.0000
2.6600 13026.6666
2.6800 12646.6666
2.7000 12980.0000
2.7200 12603.3334
2.7400 13160.0000
2.7600 12806.6666
2.7800 12683.3334
2.8000 12850.0000
2.8200 12556.6666
2.8400 12133.3334
2.8600 11400.0000
2.8800 11553.3334
2.9000 11530.0000
2.9200 11480.0000
2.9400 11280.0000
2.9600 11063.3334
2.9800 10990.0000
3.0000 11013.3334
3.0200 10640.0000
3.0400 10533.3334
3.0600 10293.3334
3.0800 10106.6666
3.1000 10243.3334
3.1200 9960.0000
3.1400 9720.0000
3.1600 9450.0000
3.1800 9546.6666
3.2000 9470.0000
3.2200 9243.3334
3.2400 9320.0000
3.2600 9170.0000
3.2800 9216.6666
3.3000 9163.3334
3.3200 9320.0000
3.3400 8443.3334
3.3600 8613.3334
3.3800 9090.0000
3.4000 8443.3334
3.4200 8773.3334
3.4400 8510.0000
3.4600 8660.0000
3.4800 8523.3334
3.5000 8870.0000
3.5200 8610.0000
3.5400 8463.3334
3.5600 8460.0000
3.5800 8473.3334
3.6000 8650.0000
3.6200 8246.6666
3.6400 8596.6666
3.6600 8506.6666
3.6800 8310.0000
3.7000 8550.0000
3.7200 8216.6666
3.7400 8173.3334
3.7600 8013.3334
3.7800 8070.0000
3.8000 8116.6666
3.8200 7880.0000
3.8400 7860.0000
3.8600 7773.3334
3.8800 7896.6666
3.9000 7940.0000
3.9200 8036.6666
3.9400 7760.0000
3.9600 7736.6666
3.9800 8013.3334
4.0000 7726.6666
4.0200 7710.0000
4.0400 7920.0000
4.0600 7833.3334
4.0800 7386.6666
4.1000 7423.3334
4.1200 7703.3334
4.1400 7533.3334
4.1600 7536.6666
4.1800 7590.0000
4.2000 7620.0000
4.2200 7380.0000
4.2400 7366.6666
4.2600 7266.6666
4.2800 7613.3334
4.3000 7403.3334
4.3200 7176.6666
4.3400 7693.3334
4.3600 7473.3334
4.3800 7200.0000
4.4000 7353.3334
4.4200 7270.0000
4.4400 7153.3334
4.4600 7543.3334
4.4800 7166.6666
4.5000 7166.6666
4.5200 6933.3334
4.5400 7316.6666
4.5600 7240.0000
4.5800 6990.0000
4.6000 7206.6666
4.6200 7280.0000
4.6400 6780.0000
4.6600 6986.6666
4.6800 7130.0000
4.7000 6866.6666
4.7200 7083.3334
4.7400 6753.3334
4.7600 6793.3334
4.7800 6813.3334
4.8000 6896.6666
4.8200 6803.3334
4.8400 6826.6666
4.8600 6743.3334
4.8800 6720.0000
4.9000 6786.6666
4.9200 6886.6666
4.9400 6806.6666
4.9600 6806.6666
4.9800 6890.0000
5.0000 6943.3334
5.0200 6770.0000
5.0400 6760.0000
5.0600 6570.0000
5.0800 6820.0000
5.1000 6813.3334
5.1200 6946.6666
5.1400 6683.3334
5.1600 6406.6666
5.1800 6750.0000
5.2000 6753.3334
5.2200 6590.0000
5.2400 6520.0000
5.2600 6623.3334
5.2800 6833.3334
5.3000 6370.0000
5.3200 6480.0000
5.3400 6656.6666
5.3600 7056.6666
5.3800 6703.3334
5.4000 6503.3334
5.4200 6480.0000
5.4400 6700.0000
5.4600 6380.0000
5.4800 6616.6666
5.5000 6426.6666
5.5200 6276.6666
5.5400 6603.3334
5.5600 6480.0000
5.5800 6550.0000
5.6000 6573.3334
5.6200 6696.6666
5.6400 6583.3334
5.6600 6633.3334
5.6800 6183.3334
5.7000 6190.0000
5.7200 6786.6666
5.7400 6463.3334
5.7600 6343.3334
5.7800 6450.0000
5.8000 6310.0000
5.8200 6483.3334
5.8400 6300.0000
5.8600 6433.3334
5.8800 6383.3334
5.9000 6603.3334
5.9200 6396.6666
5.9400 6343.3334
5.9600 6500.0000
5.9800 6580.0000
6.0000 6720.0000
6.0200 6293.3334
6.0400 6543.3334
6.0600 6523.3334
6.0800 6680.0000
6.1000 6963.3334
6.1200 6740.0000
6.1400 6793.3334
6.1600 6820.0000
6.1800 6656.6666
6.2000 6753.3334
6.2200 6960.0000
6.2400 7030.0000
6.2600 7216.6666
6.2800 6986.6666
6.3000 6963.3334
6.3200 7173.3334
6.3400 6986.6666
6.3600 6726.6666
6.3800 6960.0000
6.4000 6740.0000
6.4200 6653.3334
6.4400 6716.6666
6.4600 6510.0000
6.4800 6506.6666
6.5000 6616.6666
6.5200 6553.3334
6.5400 6580.0000
6.5600 6746.6666
6.5800 6693.3334
6.6000 6683.3334
6.6200 6413.3334
6.6400 6503.3334
6.6600 6553.3334
6.6800 6573.3334
6.7000 6410.0000
6.7200 6450.0000
6.7400 6436.6666
6.7600 6510.0000
6.7800 6650.0000
6.8000 6613.3334
6.8200 6223.3334
6.8400 6540.0000
6.8600 6600.0000
6.8800 6366.6666
6.9000 6473.3334
6.9200 6310.0000
6.9400 6306.6666
6.9600 6206.6666
6.9800 6490.0000
7.0000 6310.0000
7.0200 6583.3334
7.0400 6503.3334
7.0600 6406.6666
7.0800 6463.3334
7.1000 6420.0000
7.1200 6100.0000
7.1400 6230.0000
7.1600 6153.3334
7.1800 6456.6666
7.2000 6353.3334
7.2200 6396.6666
7.2400 6250.0000
7.2600 6236.6666
7.2800 6400.0000
7.3000 6286.6666
7.3200 6070.0000
7.3400 6513.3334
7.3600 6360.0000
7.3800 6093.3334
7.4000 6300.0000
7.4200 6466.6666
7.4400 6450.0000
7.4600 6143.3334
7.4800 6210.0000
7.5000 6290.0000
7.5200 6283.3334
7.5400 6240.0000
7.5600 6000.0000
7.5800 6566.6666
7.6000 6133.3334
7.6200 6376.6666
7.6400 6276.6666
7.6600 6300.0000
7.6800 6376.6666
7.7000 6303.3334
7.7200 6233.3334
7.7400 6110.0000
7.7600 6126.6666
7.7800 6386.6666
7.8000 6460.0000
7.8200 6293.3334
7.8400 6430.0000
7.8600 6130.0000
7.8800 6273.3334
7.9000 6296.6666
7.9200 6400.0000
7.9400 6246.6666
7.9600 6193.3334
7.9800 6313.3334
8.0000 6383.3334
8.0200 6350.0000
8.0400 6420.0000
8.0600 6476.6666
8.0800 6600.0000
8.1000 6263.3334
8.1200 6356.6666
8.1400 6396.6666
8.1600 6496.6666
8.1800 6526.6666
8.2000 6463.3334
8.2200 6530.0000
8.2400 6553.3334
8.2600 6663.3334
8.2800 6486.6666
8.3000 6566.6666
8.3200 6600.0000
8.3400 6720.0000
8.3600 6640.0000
8.3800 7013.3334
8.4000 6590.0000
8.4200 6760.0000
8.4400 7000.0000
8.4600 6950.0000
8.4800 6980.0000
8.5000 6896.6666
8.5200 6913.3334
8.5400 6920.0000
8.5600 7093.3334
8.5800 7060.0000
8.6000 6943.3334
8.6200 7283.3334
8.6400 7406.6666
8.6600 7336.6666
8.6800 7640.0000
8.7000 7640.0000
8.7200 7450.0000
8.7400 7943.3334
8.7600 7866.6666
8.7800 7866.6666
8.8000 8396.6666
8.8200 8503.3334
8.8400 8493.3334
8.8600 8920.0000
8.8800 8996.6666
8.9000 9050.0000
8.9200 9040.0000
8.9400 8703.3334
8.9600 8356.6666
8.9800 8020.0000
9.0000 7090.0000
9.0200 7306.6666
9.0400 6616.6666
9.0600 6756.6666
9.0800 6480.0000
9.1000 6423.3334
9.1200 6020.0000
9.1400 6076.6666
9.1600 5893.3334
9.1800 5670.0000
9.2000 5320.0000
9.2200 5860.0000
9.2400 5473.3334
9.2600 5196.6666
9.2800 5120.0000
9.3000 5063.3334
9.3200 5196.6666
9.3400 4936.6666
9.3600 4786.6666
9.3800 4933.3334
9.4000 4940.0000
9.4200 4653.3334
9.4400 4690.0000
9.4600 4610.0000
9.4800 4720.0000
9.5000 4883.3334
9.5200 4753.3334
9.5400 4613.3334
9.5600 4543.3334
9.5800 4563.3334
9.6000 4440.0000
9.6200 4350.0000
9.6400 4356.6666
9.6600 4523.3334
9.6800 4366.6666
9.7000 4280.0000
9.7200 4266.6666
9.7400 4116.6666
9.7600 4290.0000
9.7800 4163.3334
9.8000 4286.6666
9.8200 4146.6666
9.8400 4060.0000
9.8600 4000.0000
9.8800 3963.3334
9.9000 3930.0000
9.9200 4020.0000
9.9400 3980.0000
9.9600 4016.6666
9.9800 3960.0000
10.0000 3743.3334
10.0200 3856.6666
10.0400 3820.0000
10.0600 3890.0000
10.0800 3856.6666
10.1000 3756.6666
10.1200 3836.6666
10.1400 3790.0000
10.1600 3763.3334
10.1800 3736.6666
10.2000 3780.0000
10.2200 3680.0000
10.2400 3536.6666
10.2600 3743.3334
10.2800 3670.0000
10.3000 3750.0000
10.3200 3523.3334
10.3400 3760.0000
10.3600 3553.3334
10.3800 3700.0000
10.4000 3756.6666
10.4200 3736.6666
10.4400 3583.3334
10.4600 3660.0000
10.4800 3566.6666
10.5000 3546.6666
10.5200 3473.3334
10.5400 3750.0000
10.5600 3566.6666
10.5800 3610.0000
10.6000 3510.0000
10.6200 3503.3334
10.6400 3610.0000
10.6600 3563.3334
10.6800 3710.0000
10.7000 3543.3334
10.7200 3493.3334
10.7400 3423.3334
10.7600 3646.6666
10.7800 3496.6666
10.8000 3510.0000
10.8200 3626.6666
10.8400 3573.3334
10.8600 3476.6666
10.8800 3536.6666
10.9000 3193.3334
10.9200 3566.6666
10.9400 3660.0000
10.9600 3606.6666
10.9800 3260.0000
11.0000 3416.6666
11.0200 3343.3334
11.0400 3423.3334
11.0600 3463.3334
11.0800 3650.0000
11.1000 3350.0000
11.1200 3496.6666
11.1400 3326.6666
11.1600 3420.0000
11.1800 3426.6666
11.2000 3606.6666
11.2200 3670.0000
11.2400 3483.3334
11.2600 3443.3334
11.2800 3433.3334
11.3000 3490.0000
11.3200 3066.6666
11.3400 3300.0000
11.3600 3533.3334
11.3800 3266.6666
11.4000 3473.3334
11.4200 3500.0000
11.4400 3436.6666
11.4600 3396.6666
11.4800 3343.3334
11.5000 3256.6666
11.5200 3436.6666
11.5400 3210.0000
11.5600 3156.6666
11.5800 3413.3334
11.6000 3510.0000
11.6200 3520.0000
11.6400 3250.0000
11.6600 3423.3334
11.6800 3400.0000
11.7000 3296.6666
11.7200 3563.3334
11.7400 3426.6666
11.7600 3553.3334
11.7800 3470.0000
11.8000 3440.0000
11.8200 3406.6666
11.8400 3550.0000
11.8600 3413.3334
11.8800 3473.3334
11.9000 3443.3334
11.9200 3496.6666
11.9400 3700.0000
11.9600 3643.3334
11.9800 3560.0000
12.0000 3550.0000
12.0200 3520.0000
12.0400 3403.3334
12.0600 3660.0000
12.0800 3733.3334
12.1000 3700.0000
12.1200 3780.0000
12.1400 3946.6666
12.1600 3950.0000
12.1800 3683.3334
12.2000 3863.3334
12.2200 4083.3334
12.2400 4026.6666
12.2600 4193.3334
12.2800 4196.6666
12.3000 4500.0000
12.3200 4600.0000
12.3400 4650.0000
12.3600 4383.3334
12.3800 4910.0000
12.4000 5300.0000
12.4200 5330.0000
12.4400 5280.0000
12.4600 5010.0000
12.4800 5033.3334
12.5000 4883.3334
12.5200 4346.6666
12.5400 4406.6666
12.5600 4303.3334
12.5800 4236.6666
12.6000 4283.3334
12.6200 3970.0000
12.6400 3796.6666
12.6600 3526.6666
12.6800 3696.6666
12.7000 3530.0000
12.7200 3523.3334
12.7400 3320.0000
12.7600 3506.6666
12.7800 3266.6666
12.8000 3363.3334
12.8200 3266.6666
12.8400 3193.3334
12.8600 3196.6666
12.8800 3210.0000
12.9000 3246.6666
12.9200 3153.3334
12.9400 3133.3334
12.9600 3036.6666
12.9800 2896.6666
13.0000 3103.3334
13.0200 3183.3334
13.0400 3210.0000
13.0600 3023.3334
13.0800 3086.6666
13.1000 3200.0000
13.1200 2940.0000
13.1400 3066.6666
13.1600 3086.6666
13.1800 2910.0000
13.2000 3010.0000
13.2200 3070.0000
13.2400 3066.6666
13.2600 3096.6666
13.2800 2966.6666
13.3000 2963.3334
13.3200 2896.6666
13.3400 2896.6666
13.3600 3063.3334
13.3800 3000.0000
13.4000 2963.3334
13.4200 2986.6666
13.4400 2943.3334
13.4600 2890.0000
13.4800 2936.6666
13.5000 3073.3334
13.5200 3150.0000
13.5400 3043.3334
13.5600 3000.0000
13.5800 2956.6666
13.6000 3036.6666
13.6200 2913.3334
13.6400 2910.0000
13.6600 2946.6666
13.6800 3033.3334
13.7000 2836.6666
13.7200 2743.3334
13.7400 2970.0000
13.7600 2846.6666
13.7800 2666.6666
13.8000 2893.3334
13.8200 2943.3334
13.8400 2940.0000
13.8600 2836.6666
13.8800 2876.6666
13.9000 3016.6666
13.9200 2830.0000
13.9400 2943.3334
13.9600 2973.3334
13.9800 2960.0000
14.0000 2990.0000
14.0200 3070.0000
14.0400 2856.6666
14.0600 3033.3334
14.0800 2773.3334
14.1000 2883.3334
14.1200 2930.0000
14.1400 2793.3334
14.1600 2943.3334
14.1800 2756.6666
14.2000 2806.6666
14.2200 2773.3334
14.2400 2990.0000
14.2600 2800.0000
14.2800 2790.0000
14.3000 2900.0000
14.3200 2833.3334
14.3400 2796.6666
14.3600 2840.0000
14.3800 2720.0000
14.4000 2830.0000
14.4200 2776.6666
14.4400 2763.3334
14.4600 2756.6666
14.4800 2920.0000
14.5000 2773.3334
14.5200 2810.0000
14.5400 2723.3334
14.5600 2696.6666
14.5800 2813.3334
14.6000 2893.3334
14.6200 2820.0000
14.6400 2736.6666
14.6600 2726.6666
14.6800 2833.3334
14.7000 2846.6666
14.7200 2630.0000
14.7400 2796.6666
14.7600 2783.3334
14.7800 2933.3334
14.8000 2923.3334
14.8200 2710.0000
14.8400 2760.0000
14.8600 2750.0000
14.8800 2656.6666
14.9000 2830.0000
14.9200 2923.3334
14.9400 2740.0000
14.9600 2770.0000
14.9800 2873.3334
15.0000 2700.0000
15.0200 3066.6666
15.0400 2876.6666
15.0600 2723.3334
15.0800 2710.0000
15.1000 2676.6666
15.1200 2553.3334
15.1400 2716.6666
15.1600 2623.3334
15.1800 2623.3334
15.2000 2643.3334
15.2200 2753.3334
15.2400 2886.6666
15.2600 2600.0000
15.2800 2880.0000
15.3000 2843.3334
15.3200 2763.3334
15.3400 2870.0000
15.3600 2810.0000
15.3800 2750.0000
15.4000 2713.3334
15.4200 2753.3334
15.4400 2636.6666
15.4600 2753.3334
15.4800 2723.3334
15.5000 2763.3334
15.5200 2613.3334
15.5400 2700.0000
15.5600 2763.3334
15.5800 2826.6666
15.6000 2676.6666
15.6200 2816.6666
15.6400 2896.6666
15.6600 2883.3334
15.6800 2653.3334
15.7000 2806.6666
15.7200 2823.3334
15.7400 2770.0000
15.7600 2720.0000
15.7800 2813.3334
15.8000 2660.0000
15.8200 2676.6666
15.8400 2660.0000
15.8600 2756.6666
15.8800 2733.3334
15.9000 2823.3334
15.9200 2610.0000
15.9400 2696.6666
15.9600 2606.6666
15.9800 2703.3334
16.0000 2643.3334
16.0200 2683.3334
16.0400 2826.6666
16.0600 2740.0000
16.0800 2553.3334
16.1000 2826.6666
16.1200 2556.6666
16.1400 2640.0000
16.1600 2870.0000
16.1800 2810.0000
16.2000 2673.3334
16.2200 2643.3334
16.2400 2610.0000
16.2600 2873.3334
16.2800 2826.6666
16.3000 2766.6666
16.3200 2623.3334
16.3400 2836.6666
16.3600 2790.0000
16.3800 2720.0000
16.4000 2720.0000
16.4200 2863.3334
16.4400 2840.0000
16.4600 2843.3334
16.4800 2750.0000
16.5000 2973.3334
16.5200 2526.6666
16.5400 2646.6666
16.5600 2703.3334
16.5800 2793.3334
16.6000 2720.0000
16.6200 2750.0000
16.6400 2823.3334
16.6600 2690.0000
16.6800 2596.6666
16.7000 2746.6666
16.7200 2923.3334
16.7400 2796.6666
16.7600 2816.6666
16.7800 2670.0000
16.8000 2776.6666
16.8200 2786.6666
16.8400 2653.3334
16.8600 2986.6666
16.8800 3056.6666
16.9000 2836.6666
16.9200 2950.0000
16.9400 2766.6666
16.9600 2793.3334
16.9800 2860.0000
17.0000 2676.6666
17.0200 2913.3334
17.0400 2706.6666
17.0600 2656.6666
17.0800 2750.0000
17.1000 2856.6666
17.1200 2816.6666
17.1400 2873.3334
17.1600 2870.0000
17.1800 2680.0000
17.2000 2836.6666
17.2200 2850.0000
17.2400 2903.3334
17.2600 2896.6666
17.2800 2980.0000
17.3000 3050.0000
17.3200 2920.0000
17.3400 3096.6666
17.3600 3000.0000
17.3800 3100.0000
17.4000 3073.3334
17.4200 3010.0000
17.4400 3070.0000
17.4600 3060.0000
17.4800 2910.0000
17.5000 3016.6666
17.5200 3200.0000
17.5400 3013.3334
17.5600 3110.0000
17.5800 3193.3334
17.6000 3286.6666
17.6200 3216.6666
17.6400 3173.3334
17.6600 3283.3334
17.6800 3490.0000
17.7000 3490.0000
17.7200 3280.0000
17.7400 3403.3334
17.7600 3746.6666
17.7800 3876.6666
17.8000 3933.3334
17.8200 4183.3334
17.8400 4246.6666
17.8600 4070.0000
17.8800 4056.6666
17.9000 3910.0000
17.9200 3940.0000
17.9400 3600.0000
17.9600 3413.3334
17.9800 3583.3334
18.0000 3650.0000
18.0200 3420.0000
18.0400 3290.0000
18.0600 3340.0000
18.0800 3473.3334
18.1000 3283.3334
18.1200 3093.3334
18.1400 3250.0000
18.1600 3276.6666
18.1800 3113.3334
18.2000 3220.0000
18.2200 3270.0000
18.2400 3106.6666
18.2600 3063.3334
18.2800 3010.0000
18.3000 2910.0000
18.3200 2970.0000
18.3400 3116.6666
18.3600 3040.0000
18.3800 3076.6666
18.4000 3096.6666
18.4200 2963.3334
18.4400 3003.3334
18.4600 3170.0000
18.4800 3003.3334
18.5000 2990.0000
18.5200 2920.0000
18.5400 2990.0000
18.5600 2993.3334
18.5800 3040.0000
18.6000 2930.0000
18.6200 2893.3334
18.6400 3163.3334
18.6600 2963.3334
18.6800 3036.6666
18.7000 3053.3334
18.7200 2900.0000
18.7400 3093.3334
18.7600 3130.0000
18.7800 2833.3334
18.8000 2760.0000
18.8200 2993.3334
18.8400 2876.6666
18.8600 3056.6666
18.8800 3060.0000
18.9000 3010.0000
18.9200 2876.6666
18.9400 2770.0000
18.9600 2900.0000
18.9800 2913.3334
19.0000 2820.0000
19.0200 2843.3334
19.0400 2660.0000
19.0600 2763.3334
19.0800 2963.3334
19.1000 2816.6666
19.1200 2893.3334
19.1400 2733.3334
19.1600 2640.0000
19.1800 2913.3334
19.2000 2723.3334
19.2200 2930.0000
19.2400 2980.0000
19.2600 2673.3334
19.2800 2770.0000
19.3000 2840.0000
19.3200 2810.0000
19.3400 2790.0000
19.3600 3033.3334
19.3800 3000.0000
19.4000 2983.3334
19.4200 3106.6666
19.4400 3030.0000
19.4600 2946.6666
19.4800 3270.0000
19.5000 3186.6666
19.5200 3253.3334
19.5400 3286.6666
19.5600 3270.0000
19.5800 3520.0000
19.6000 3346.6666
19.6200 3546.6666
19.6400 3520.0000
19.6600 3323.3334
19.6800 3580.0000
19.7000 3876.6666
19.7200 3886.6666
19.7400 3836.6666
19.7600 4050.0000
19.7800 3946.6666
19.8000 4163.3334
19.8200 4333.3334
19.8400 4190.0000
19.8600 4106.6666
19.8800 4033.3334
19.9000 4336.6666
19.9200 4386.6666
19.9400 4140.0000
19.9600 4053.3334
19.9800 4230.0000
20.0000 4083.3334
20.0200 3990.0000
20.0400 3916.6666
20.0600 3986.6666
20.0800 3866.6666
20.1000 3760.0000
20.1200 3766.6666
20.1400 3750.0000
20.1600 3730.0000
20.1800 3463.3334
20.2000 3673.3334
20.2200 3596.6666
20.2400 3446.6666
20.2600 3426.6666
20.2800 3493.3334
20.3000 3556.6666
20.3200 3410.0000
20.3400 3266.6666
20.3600 3493.3334
20.3800 3416.6666
20.4000 3286.6666
20.4200 3410.0000
20.4400 3420.0000
20.4600 3310.0000
20.4800 3320.0000
20.5000 3173.3334
20.5200 3370.0000
20.5400 3436.6666
20.5600 3276.6666
20.5800 3263.3334
20.6000 3410.0000
20.6200 3340.0000
20.6400 3203.3334
20.6600 3306.6666
20.6800 3156.6666
20.7000 3096.6666
20.7200 3380.0000
20.7400 3176.6666
20.7600 3310.0000
20.7800 3173.3334
20.8000 3256.6666
20.8200 3350.0000
20.8400 3723.3334
20.8600 3766.6666
20.8800 4343.3334
20.9000 4860.0000
20.9200 5370.0000
20.9400 5413.3334
20.9600 5013.3334
20.9800 4513.3334
21.0000 4220.0000
21.0200 3810.0000
21.0400 3623.3334
21.0600 3346.6666
21.0800 3503.3334
21.1000 3360.0000
21.1200 3416.6666
21.1400 3140.0000
21.1600 3183.3334
21.1800 3226.6666
21.2000 3040.0000
21.2200 3073.3334
21.2400 3466.6666
21.2600 3360.0000
21.2800 3473.3334
21.3000 3126.6666
21.3200 3283.3334
21.3400 3316.6666
21.3600 3076.6666
21.3800 3200.0000
21.4000 3240.0000
21.4200 3376.6666
21.4400 3123.3334
21.4600 3133.3334
21.4800 3103.3334
21.5000 3090.0000
21.5200 3200.0000
21.5400 2993.3334
21.5600 3163.3334
21.5800 2970.0000
21.6000 2973.3334
21.6200 3050.0000
21.6400 3070.0000
21.6600 2996.6666
21.6800 3023.3334
21.7000 2956.6666
21.7200 2936.6666
21.7400 3110.0000
21.7600 2726.6666
21.7800 2860.0000
21.8000 3053.3334
21.8200 2960.0000
21.8400 2973.3334
21.8600 2910.0000
21.8800 3140.0000
21.9000 2926.6666
21.9200 3046.6666
21.9400 2986.6666
21.9600 2923.3334
21.9800 2980.0000
22.0000 2936.6666
22.0200 3013.3334
22.0400 2863.3334
22.0600 2966.6666
22.0800 3106.6666
22.1000 3083.3334
22.1200 3166.6666
22.1400 3150.0000
22.1600 3153.3334
22.1800 2883.3334
22.2000 2880.0000
22.2200 2940.0000
22.2400 3040.0000
22.2600 2796.6666
22.2800 2823.3334
22.3000 2906.6666
22.3200 2976.6666
22.3400 2716.6666
22.3600 2863.3334
22.3800 2993.3334
22.4000 2866.6666
22.4200 2906.6666
22.4400 2900.0000
22.4600 2950.0000
22.4800 2716.6666
22.5000 3093.3334
22.5200 3090.0000
22.5400 3003.3334
22.5600 3180.0000
22.5800 2986.6666
22.6000 3043.3334
22.6200 3010.0000
22.6400 3160.0000
22.6600 2876.6666
22.6800 2890.0000
22.7000 2940.0000
22.7200 2860.0000
22.7400 2913.3334
22.7600 3213.3334
22.7800 3026.6666
22.8000 3003.3334
22.8200 2926.6666
22.8400 3166.6666
22.8600 3143.3334
22.8800 3173.3334
22.9000 3013.3334
22.9200 3136.6666
22.9400 2986.6666
22.9600 2960.0000
22.9800 2983.3334
23.0000 3033.3334
23.0200 3093.3334
23.0400 3080.0000
23.0600 3110.0000
23.0800 3053.3334
23.1000 2906.6666
23.1200 3123.3334
23.1400 3026.6666
23.1600 2876.6666
23.1800 2920.0000
23.2000 2886.6666
23.2200 3103.3334
23.2400 3013.3334
23.2600 3033.3334
23.2800 2753.3334
23.3000 2776.6666
23.3200 2970.0000
23.3400 3253.3334
23.3600 2903.3334
23.3800 3043.3334
23.4000 2926.6666
23.4200 2940.0000
23.4400 3153.3334
23.4600 3203.3334
23.4800 3146.6666
23.5000 3186.6666
23.5200 3206.6666
23.5400 3046.6666
23.5600 3313.3334
23.5800 2973.3334
23.6000 3220.0000
23.6200 3053.3334
23.6400 3483.3334
23.6600 3106.6666
23.6800 3126.6666
23.7000 3320.0000
23.7200 3180.0000
23.7400 3043.3334
23.7600 3043.3334
23.7800 3253.3334
23.8000 3060.0000
23.8200 3103.3334
23.8400 3170.0000
23.8600 3090.0000
23.8800 3240.0000
23.9000 3250.0000
23.9200 3193.3334
23.9400 3200.0000
23.9600 3203.3334
23.9800 3266.6666
24.0000 3046.6666
24.0200 3226.6666
24.0400 3213.3334
24.0600 2933.3334
24.0800 3210.0000
24.1000 3373.3334
24.1200 3143.3334
24.1400 3296.6666
24.1600 3080.0000
24.1800 3436.6666
24.2000 3116.6666
24.2200 3226.6666
24.2400 3376.6666
24.2600 3133.3334
24.2800 3276.6666
24.3000 3290.0000
24.3200 3270.0000
24.3400 3506.6666
24.3600 3313.3334
24.3800 3516.6666
24.4000 3400.0000
24.4200 3393.3334
24.4400 3206.6666
24.4600 3316.6666
24.4800 3313.3334
24.5000 3343.3334
24.5200 3386.6666
24.5400 3236.6666
24.5600 3403.3334
24.5800 3313.3334
24.6000 3383.3334
24.6200 3273.3334
24.6400 3580.0000
24.6600 3596.6666
24.6800 3546.6666
24.7000 3730.0000
24.7200 3563.3334
24.7400 3733.3334
24.7600 3736.6666
24.7800 3746.6666
24.8000 3620.0000
24.8200 3953.3334
24.8400 3990.0000
24.8600 4306.6666
24.8800 4140.0000
24.9000 4376.6666
24.9200 4366.6666
24.9400 4653.3334
24.9600 4600.0000
24.9800 4473.3334
25.0000 4596.6666
25.0200 4330.0000
25.0400 4376.6666
25.0600 4283.3334
25.0800 4296.6666
25.1000 4183.3334
25.1200 4190.0000
25.1400 4180.0000
25.1600 4250.0000
25.1800 3990.0000
25.2000 4153.3334
25.2200 3996.6666
25.2400 4090.0000
25.2600 4023.3334
25.2800 4120.0000
25.3000 4480.0000
25.3200 4240.0000
25.3400 4276.6666
25.3600 4350.0000
25.3800 4160.0000
25.4000 4273.3334
25.4200 4243.3334
25.4400 3993.3334
25.4600 4066.6666
25.4800 4163.3334
25.5000 4043.3334
25.5200 3973.3334
25.5400 4013.3334
25.5600 3850.0000
25.5800 4146.6666
25.6000 4056.6666
25.6200 4136.6666
25.6400 3990.0000
25.6600 4173.3334
25.6800 3920.0000
25.7000 4016.6666
25.7200 3850.0000
25.7400 3916.6666
25.7600 3926.6666
25.7800 3756.6666
25.8000 3996.6666
25.8200 3970.0000
25.8400 3990.0000
25.8600 3983.3334
25.8800 3960.0000
25.9000 3816.6666
25.9200 3920.0000
25.9400 3890.0000
25.9600 4153.3334
25.9800 3820.0000
26.0000 3816.6666
26.0200 3940.0000
26.0400 3836.6666
26.0600 3836.6666
26.0800 3726.6666
26.1000 4033.3334
26.1200 4066.6666
26.1400 4000.0000
26.1600 3923.3334
26.1800 3973.3334
26.2000 3926.6666
26.2200 4120.0000
26.2400 4276.6666
26.2600 4193.3334
26.2800 4023.3334
26.3000 4130.0000
26.3200 4243.3334
26.3400 4080.0000
26.3600 4203.3334
26.3800 4290.0000
26.4000 4336.6666
26.4200 4806.6666
26.4400 4606.6666
26.4600 4683.3334
26.4800 4956.6666
26.5000 4936.6666
26.5200 5146.6666
26.5400 5360.0000
26.5600 5463.3334
26.5800 5910.0000
26.6000 6256.6666
26.6200 6956.6666
26.6400 8593.3334
26.6600 10516.6666
26.6800 13186.6666
26.7000 14923.3334
26.7200 14650.0000
26.7400 13106.6666
26.7600 12403.3334
26.7800 11006.6666
26.8000 9760.0000
26.8200 8496.6666
26.8400 7440.0000
26.8600 7276.6666
26.8800 6930.0000
26.9000 6776.6666
26.9200 6336.6666
26.9400 6076.6666
26.9600 5850.0000
26.9800 5243.3334
27.0000 5316.6666
27.0200 5180.0000
27.0400 5186.6666
27.0600 4993.3334
27.0800 4673.3334
27.1000 4713.3334
27.1200 4543.3334
27.1400 4476.6666
27.1600 4423.3334
27.1800 4366.6666
27.2000 4193.3334
27.2200 4360.0000
27.2400 4273.3334
27.2600 4223.3334
27.2800 4160.0000
27.3000 4123.3334
27.3200 3886.6666
27.3400 4176.6666
27.3600 4046.6666
27.3800 3860.0000
27.4000 4060.0000
27.4200 4133.3334
27.4400 4256.6666
27.4600 4030.0000
27.4800 4306.6666
27.5000 4216.6666
27.5200 4153.3334
27.5400 4160.0000
27.5600 4280.0000
27.5800 4266.6666
27.6000 4093.3334
27.6200 4003.3334
27.6400 3996.6666
27.6600 3973.3334
27.6800 4070.0000
27.7000 3956.6666
27.7200 3883.3334
27.7400 3886.6666
27.7600 4046.6666
27.7800 3930.0000
27.8000 4170.0000
27.8200 4013.3334
27.8400 4180.0000
27.8600 3980.0000
27.8800 3946.6666
27.9000 4110.0000
27.9200 4220.0000
27.9400 4100.0000
27.9600 4410.0000
27.9800 4073.3334
28.0000 4206.6666
28.0200 4300.0000
28.0400 4180.0000
28.0600 4123.3334
28.0800 3823.3334
28.1000 3633.3334
28.1200 3810.0000
28.1400 3556.6666
28.1600 3590.0000
28.1800 3556.6666
28.2000 3486.6666
28.2200 3480.0000
28.2400 3453.3334
28.2600 3336.6666
28.2800 3443.3334
28.3000 3373.3334
28.3200 3366.6666
28.3400 3286.6666
28.3600 3206.6666
28.3800 3313.3334
28.4000 3313.3334
28.4200 3216.6666
28.4400 3226.6666
28.4600 3340.0000
28.4800 3153.3334
28.5000 3113.3334
28.5200 3186.6666
28.5400 3040.0000
28.5600 3140.0000
28.5800 3033.3334
28.6000 3290.0000
28.6200 3250.0000
28.6400 2943.3334
28.6600 3206.6666
28.6800 3330.0000
28.7000 3086.6666
28.7200 3096.6666
28.7400 3323.3334
28.7600 3176.6666
28.7800 3150.0000
28.8000 2996.6666
28.8200 3056.6666
28.8400 3166.6666
28.8600 3240.0000
28.8800 3093.3334
28.9000 3300.0000
28.9200 2950.0000
28.9400 2790.0000
28.9600 3106.6666
28.9800 2940.0000
29.0000 3056.6666
29.0200 3060.0000
29.0400 2966.6666
29.0600 3046.6666
29.0800 3053.3334
29.1000 3093.3334
29.1200 3093.3334
29.1400 3036.6666
29.1600 2950.0000
29.1800 3126.6666
29.2000 3030.0000
29.2200 3133.3334
29.2400 2846.6666
29.2600 2910.0000
29.2800 3006.6666
29.3000 3120.0000
29.3200 2840.0000
29.3400 2913.3334
29.3600 3066.6666
29.3800 3026.6666
29.4000 2880.0000
29.4200 3106.6666
29.4400 3116.6666
29.4600 3006.6666
29.4800 2923.3334
29.5000 3060.0000
29.5200 3070.0000
29.5400 3006.6666
29.5600 3110.0000
29.5800 2990.0000
29.6000 2990.0000
29.6200 2813.3334
29.6400 3050.0000
29.6600 3066.6666
29.6800 3050.0000
29.7000 2926.6666
29.7200 2930.0000
29.7400 3136.6666
29.7600 3083.3334
29.7800 3140.0000
29.8000 3103.3334
29.8200 3180.0000
29.8400 3286.6666
29.8600 3340.0000
29.8800 3406.6666
29.9000 3333.3334
29.9200 3236.6666
29.9400 3423.3334
29.9600 3313.3334
29.9800 3136.6666
30.0000 3093.3334
30.0200 3310.0000
30.0400 3270.0000
30.0600 3213.3334
30.0800 3200.0000
30.1000 3000.0000
30.1200 3053.3334
30.1400 2950.0000
30.1600 2996.6666
30.1800 2970.0000
30.2000 2936.6666
30.2200 3086.6666
30.2400 2980.0000
30.2600 3133.3334
30.2800 2996.6666
30.3000 2946.6666
30.3200 2973.3334
30.3400 2940.0000
30.3600 2760.0000
30.3800 2856.6666
30.4000 3023.3334
30.4200 2853.3334
30.4400 3003.3334
30.4600 3140.0000
30.4800 3050.0000
30.5000 2850.0000
30.5200 2886.6666
30.5400 2963.3334
30.5600 2833.3334
30.5800 2903.3334
30.6000 2893.3334
30.6200 2903.3334
30.6400 2900.0000
30.6600 2936.6666
30.6800 2860.0000
30.7000 2806.6666
30.7200 2973.3334
30.7400 2820.0000
30.7600 2796.6666
30.7800 2766.6666
30.8000 2776.6666
30.8200 2946.6666
30.8400 2880.0000
30.8600 2873.3334
30.8800 2926.6666
30.9000 2816.6666
30.9200 2876.6666
30.9400 2793.3334
30.9600 2966.6666
30.9800 2716.6666
31.0000 2843.3334
31.0200 2876.6666
31.0400 2770.0000
31.0600 2656.6666
31.0800 2786.6666
31.1000 2716.6666
31.1200 2763.3334
31.1400 2750.0000
31.1600 2786.6666
31.1800 2973.3334
31.2000 2780.0000
31.2200 2870.0000
31.2400 2940.0000
31.2600 2856.6666
31.2800 3070.0000
31.3000 2873.3334
31.3200 3010.0000
31.3400 3010.0000
31.3600 2896.6666
31.3800 2990.0000
31.4000 2903.3334
31.4200 3016.6666
31.4400 2930.0000
31.4600 2846.6666
31.4800 2796.6666
31.5000 2840.0000
31.5200 2986.6666
31.5400 2636.6666
31.5600 2736.6666
31.5800 2723.3334
31.6000 2683.3334
31.6200 2756.6666
31.6400 2810.0000
31.6600 2620.0000
31.6800 2593.3334
31.7000 2666.6666
31.7200 2936.6666
31.7400 2710.0000
31.7600 2650.0000
31.7800 2690.0000
31.8000 2680.0000
31.8200 2633.3334
31.8400 2590.0000
31.8600 2553.3334
31.8800 2740.0000
31.9000 2823.3334
31.9200 2543.3334
31.9400 2670.0000
31.9600 2763.3334
31.9800 2700.0000
32.0000 2740.0000
32.0200 2683.3334
32.0400 2706.6666
32.0600 2800.0000
32.0800 2916.6666
32.1000 2706.6666
32.1200 2766.6666
32.1400 2750.0000
32.1600 2550.0000
32.1800 2606.6666
32.2000 2676.6666
32.2200 2666.6666
32.2400 2670.0000
32.2600 2593.3334
32.2800 2496.6666
32.3000 2616.6666
32.3200 2603.3334
32.3400 2553.3334
32.3600 2663.3334
32.3800 2376.6666
32.4000 2443.3334
32.4200 2500.0000
32.4400 2593.3334
32.4600 2626.6666
32.4800 2423.3334
32.5000 2466.6666
32.5200 2556.6666
32.5400 2520.0000
32.5600 2466.6666
32.5800 2416.6666
32.6000 2463.3334
32.6200 2323.3334
32.6400 2480.0000
32.6600 2426.6666
32.6800 2456.6666
32.7000 2540.0000
32.7200 2476.6666
32.7400 2540.0000
32.7600 2433.3334
32.7800 2373.3334
32.8000 2490.0000
32.8200 2316.6666
32.8400 2626.6666
32.8600 2413.3334
32.8800 2513.3334
32.9000 2450.0000
32.9200 2480.0000
32.9400 2506.6666
32.9600 2670.0000
32.9800 2423.3334
33.0000 2406.6666
33.0200 2403.3334
33.0400 2626.6666
33.0600 2606.6666
33.0800 2346.6666
33.1000 2420.0000
33.1200 2516.6666
33.1400 2516.6666
33.1600 2563.3334
33.1800 2710.0000
33.2000 2653.3334
33.2200 2690.0000
33.2400 2526.6666
33.2600 2716.6666
33.2800 2716.6666
33.3000 2633.3334
33.3200 2563.3334
33.3400 2490.0000
33.3600 2446.6666
33.3800 2520.0000
33.4000 2533.3334
33.4200 2506.6666
33.4400 2576.6666
33.4600 2610.0000
33.4800 2523.3334
33.5000 2446.6666
33.5200 2546.6666
33.5400 2406.6666
33.5600 2430.0000
33.5800 2483.3334
33.6000 2290.0000
33.6200 2356.6666
33.6400 2316.6666
33.6600 2456.6666
33.6800 2390.0000
33.7000 2336.6666
33.7200 2526.6666
33.7400 2373.3334
33.7600 2450.0000
33.7800 2366.6666
33.8000 2353.3334
33.8200 2373.3334
33.8400 2450.0000
33.8600 2473.3334
33.8800 2433.3334
33.9000 2486.6666
33.9200 2610.0000
33.9400 2473.3334
33.9600 2223.3334
33.9800 2450.0000
34.0000 2523.3334
