#Intensity_unit=cps
#Attenuator_coefficient=1.0000
2.0000 23703.3334
2.0200 22916.6666
2.0400 22630.0000
2.0600 21513.3334
2.0800 21760.0000
2.1000 20856.6666
2.1200 20543.3334
2.1400 20520.0000
2.1600 19876.6666
2.1800 19373.3334
2.2000 18853.3334
2.2200 18606.6666
2.2400 18520.0000
2.2600 17906.6666
2.2800 17420.0000
2.3000 17086.6666
2.3200 16200.0000
2.3400 16040.0000
2.3600 15606.6666
2.3800 15380.0000
2.4000 15146.6666
2.4200 15370.0000
2.4400 15053.3334
2.4600 15376.6666
2.4800 15110.0000
2.5000 14863.3334
2.5200 14093.3334
2.5400 14510.0000
2.5600 14266.6666
2.5800 14193.3334
2.6000 14280.0000
2.6200 14086.6666
2.6400 13586.6666
2.6600 13500.0000
2.6800 13720.0000
2.7000 13383.3334
2.7200 13426.6666
2.7400 13753.3334
2.7600 13643.3334
2.7800 13506.6666
2.8000 13513.3334
2.8200 13026.6666
2.8400 12553.3334
2.8600 12723.3334
2.8800 12490.0000
2.9000 12016.6666
2.9200 12213.3334
2.9400 11796.6666
2.9600 11473.3334
2.9800 11390.0000
3.0000 11553.3334
3.0200 11270.0000
3.0400 10986.6666
3.0600 11246.6666
3.0800 11153.3334
3.1000 10780.0000
3.1200 10496.6666
3.1400 10283.3334
3.1600 10623.3334
3.1800 10336.6666
3.2000 10403.3334
3.2200 10386.6666
3.2400 10126.6666
3.2600 9406.6666
3.2800 9790.0000
3.3000 9660.0000
3.3200 9840.0000
3.3400 10103.3334
3.3600 9576.6666
3.3800 9606.6666
3.4000 9613.3334
3.4200 9630.0000
3.4400 9306.6666
3.4600 9593.3334
3.4800 9373.3334
3.5000 9056.6666
3.5200 9226.6666
3.5400 9330.0000
3.5600 9056.6666
3.5800 9200.0000
3.6000 9290.0000
3.6200 9166.6666
3.6400 9356.6666
3.6600 9406.6666
3.6800 9260.0000
3.7000 9483.3334
3.7200 9296.6666
3.7400 9180.0000
3.7600 9163.3334
3.7800 9136.6666
3.8000 9026.6666
3.8200 8970.0000
3.8400 9033.3334
3.8600 8736.6666
3.8800 8966.6666
3.9000 8783.3334
3.9200 8716.6666
3.9400 8863.3334
3.9600 9070.0000
3.9800 8780.0000
4.0000 8630.0000
4.0200 8430.0000
4.0400 8733.3334
4.0600 8736.6666
4.0800 8753.3334
4.1000 8770.0000
4.1200 8690.0000
4.1400 8670.0000
4.1600 8200.0000
4.1800 8683.3334
4.2000 8513.3334
4.2200 8333.3334
4.2400 8580.0000
4.2600 8593.3334
4.2800 8360.0000
4.3000 8746.6666
4.3200 8260.0000
4.3400 8063.3334
4.3600 8443.3334
4.3800 8020.0000
4.4000 8200.0000
4.4200 8286.6666
4.4400 8066.6666
4.4600 8056.6666
4.4800 8390.0000
4.5000 8136.6666
4.5200 8083.3334
4.5400 8320.0000
4.5600 8040.0000
4.5800 8043.3334
4.6000 8093.3334
4.6200 8096.6666
4.6400 7913.3334
4.6600 8263.3334
4.6800 8020.0000
4.7000 7963.3334
4.7200 7863.3334
4.7400 8073.3334
4.7600 8223.3334
4.7800 7776.6666
4.8000 7823.3334
4.8200 7863.3334
4.8400 7846.6666
4.8600 7863.3334
4.8800 7816.6666
4.9000 7966.6666
4.9200 7600.0000
4.9400 7580.0000
4.9600 7760.0000
4.9800 7793.3334
5.0000 7686.6666
5.0200 7733.3334
5.0400 7703.3334
5.0600 7663.3334
5.0800 7873.3334
5.1000 7970.0000
5.1200 7590.0000
5.1400 7413.3334
5.1600 7700.0000
5.1800 7523.3334
5.2000 7656.6666
5.2200 7566.6666
5.2400 7816.6666
5.2600 7700.0000
5.2800 7743.3334
5.3000 7410.0000
5.3200 7540.0000
5.3400 7600.0000
5.3600 7603.3334
5.3800 7400.0000
5.4000 7290.0000
5.4200 7716.6666
5.4400 7666.6666
5.4600 7490.0000
5.4800 7770.0000
5.5000 7626.6666
5.5200 7536.6666
5.5400 7396.6666
5.5600 7690.0000
5.5800 7416.6666
5.6000 7623.3334
5.6200 7603.3334
5.6400 7683.3334
5.6600 7406.6666
5.6800 7366.6666
5.7000 7503.3334
5.7200 7326.6666
5.7400 7226.6666
5.7600 7246.6666
5.7800 7576.6666
5.8000 7760.0000
5.8200 7413.3334
5.8400 7856.6666
5.8600 7643.3334
5.8800 7523.3334
5.9000 7493.3334
5.9200 7323.3334
5.9400 7576.6666
5.9600 7580.0000
5.9800 7376.6666
6.0000 7570.0000
6.0200 7683.3334
6.0400 7773.3334
6.0600 7483.3334
6.0800 7746.6666
6.1000 7970.0000
6.1200 7880.0000
6.1400 7943.3334
6.1600 8046.6666
6.1800 8126.6666
6.2000 8376.6666
6.2200 8253.3334
6.2400 8243.3334
6.2600 8253.3334
6.2800 8040.0000
6.3000 7926.6666
6.3200 7856.6666
6.3400 7800.0000
6.3600 7643.3334
6.3800 8010.0000
6.4000 7586.6666
6.4200 7480.0000
6.4400 7796.6666
6.4600 7623.3334
6.4800 7486.6666
6.5000 7570.0000
6.5200 7690.0000
6.5400 7536.6666
6.5600 7430.0000
6.5800 7243.3334
6.6000 7090.0000
6.6200 7246.6666
6.6400 7466.6666
6.6600 7413.3334
6.6800 7340.0000
6.7000 7010.0000
6.7200 7570.0000
6.7400 7193.3334
6.7600 7436.6666
6.7800 7090.0000
6.8000 7120.0000
6.8200 7270.0000
6.8400 7210.0000
6.8600 7350.0000
6.8800 7573.3334
6.9000 7260.0000
6.9200 7230.0000
6.9400 6850.0000
6.9600 7156.6666
6.9800 7230.0000
7.0000 7030.0000
7.0200 7183.3334
7.0400 7033.3334
7.0600 7113.3334
7.0800 6936.6666
7.1000 7160.0000
7.1200 7150.0000
7.1400 7050.0000
7.1600 7223.3334
7.1800 6913.3334
7.2000 7256.6666
7.2200 7113.3334
7.2400 6770.0000
7.2600 7130.0000
7.2800 7083.3334
7.3000 7230.0000
7.3200 6960.0000
7.3400 7160.0000
7.3600 7123.3334
7.3800 7076.6666
7.4000 6780.0000
7.4200 6800.0000
7.4400 7110.0000
7.4600 6936.6666
7.4800 6403.3334
7.5000 7280.0000
7.5200 6763.3334
7.5400 7180.0000
7.5600 7223.3334
7.5800 6946.6666
7.6000 7020.0000
7.6200 7316.6666
7.6400 7296.6666
7.6600 6890.0000
7.6800 7050.0000
7.7000 6753.3334
7.7200 6916.6666
7.7400 7053.3334
7.7600 7046.6666
7.7800 6926.6666
7.8000 7166.6666
7.8200 6996.6666
7.8400 7043.3334
7.8600 6950.0000
7.8800 6813.3334
7.9000 6870.0000
7.9200 6860.0000
7.9400 6840.0000
7.9600 7286.6666
7.9800 7033.3334
8.0000 6836.6666
8.0200 7053.3334
8.0400 7090.0000
8.0600 6950.0000
8.0800 7170.0000
8.1000 6810.0000
8.1200 6980.0000
8.1400 6950.0000
8.1600 7003.3334
8.1800 7100.0000
8.2000 7370.0000
8.2200 7006.6666
8.2400 7106.6666
8.2600 6933.3334
8.2800 7253.3334
8.3000 7253.3334
8.3200 6970.0000
8.3400 7320.0000
8.3600 7376.6666
8.3800 7306.6666
8.4000 7513.3334
8.4200 7246.6666
8.4400 7526.6666
8.4600 7740.0000
8.4800 7360.0000
8.5000 7530.0000
8.5200 7376.6666
8.5400 7903.3334
8.5600 8100.0000
8.5800 7860.0000
8.6000 8140.0000
8.6200 7710.0000
8.6400 8063.3334
8.6600 8373.3334
8.6800 8243.3334
8.7000 8516.6666
8.7200 8640.0000
8.7400 9230.0000
8.7600 9186.6666
8.7800 9600.0000
8.8000 9643.3334
8.8200 10266.6666
8.8400 10590.0000
8.8600 10693.3334
8.8800 9820.0000
8.9000 9266.6666
8.9200 8696.6666
8.9400 7683.3334
8.9600 7423.3334
8.9800 7353.3334
9.0000 6666.6666
9.0200 6500.0000
9.0400 6586.6666
9.0600 6553.3334
9.0800 6413.3334
9.1000 5840.0000
9.1200 6093.3334
9.1400 5820.0000
9.1600 6063.3334
9.1800 5760.0000
9.2000 5453.3334
9.2200 5346.6666
9.2400 5453.3334
9.2600 5296.6666
9.2800 5416.6666
9.3000 5143.3334
9.3200 5050.0000
9.3400 4933.3334
9.3600 5006.6666
9.3800 5090.0000
9.4000 4926.6666
9.4200 5000.0000
9.4400 5023.3334
9.4600 4976.6666
9.4800 4896.6666
9.5000 4713.3334
9.5200 5016.6666
9.5400 4413.3334
9.5600 4553.3334
9.5800 4670.0000
9.6000 4603.3334
9.6200 4423.3334
9.6400 4483.3334
9.6600 4380.0000
9.6800 4510.0000
9.7000 4406.6666
9.7200 4420.0000
9.7400 4376.6666
9.7600 4406.6666
9.7800 4283.3334
9.8000 4540.0000
9.8200 4176.6666
9.8400 4373.3334
9.8600 4593.3334
9.8800 4380.0000
9.9000 4303.3334
9.9200 4236.6666
9.9400 4143.3334
9.9600 4003.3334
9.9800 4246.6666
10.0000 4293.3334
10.0200 3893.3334
10.0400 3866.6666
10.0600 4080.0000
10.0800 4166.6666
10.1000 3910.0000
10.1200 4013.3334
10.1400 3876.6666
10.1600 3943.3334
10.1800 4000.0000
10.2000 4193.3334
10.2200 3893.3334
10.2400 4100.0000
10.2600 3960.0000
10.2800 4076.6666
10.3000 4050.0000
10.3200 3926.6666
10.3400 3766.6666
10.3600 3923.3334
10.3800 3953.3334
10.4000 3786.6666
10.4200 3900.0000
10.4400 3996.6666
10.4600 3983.3334
10.4800 3883.3334
10.5000 3656.6666
10.5200 3796.6666
10.5400 3883.3334
10.5600 3723.3334
10.5800 3926.6666
10.6000 3816.6666
10.6200 4043.3334
10.6400 3713.3334
10.6600 3816.6666
10.6800 3926.6666
10.7000 3770.0000
10.7200 3620.0000
10.7400 3596.6666
10.7600 3696.6666
10.7800 3790.0000
10.8000 3906.6666
10.8200 3590.0000
10.8400 3826.6666
10.8600 3590.0000
10.8800 3610.0000
10.9000 3596.6666
10.9200 3540.0000
10.9400 3683.3334
10.9600 3766.6666
10.9800 3713.3334
11.0000 3596.6666
11.0200 3620.0000
11.0400 3830.0000
11.0600 3720.0000
11.0800 3723.3334
11.1000 3603.3334
11.1200 3823.3334
11.1400 3623.3334
11.1600 3473.3334
11.1800 3590.0000
11.2000 3570.0000
11.2200 3580.0000
11.2400 3403.3334
11.2600 3566.6666
11.2800 3716.6666
11.3000 3816.6666
11.3200 3623.3334
11.3400 3623.3334
11.3600 3596.6666
11.3800 3550.0000
11.4000 3636.6666
11.4200 3696.6666
11.4400 3700.0000
11.4600 3553.3334
11.4800 3503.3334
11.5000 3656.6666
11.5200 3526.6666
11.5400 3686.6666
11.5600 3476.6666
11.5800 3563.3334
11.6000 3780.0000
11.6200 3640.0000
11.6400 3520.0000
11.6600 3436.6666
11.6800 3800.0000
11.7000 3570.0000
11.7200 3816.6666
11.7400 3646.6666
11.7600 3620.0000
11.7800 3633.3334
11.8000 3650.0000
11.8200 3783.3334
11.8400 3503.3334
11.8600 3626.6666
11.8800 3813.3334
11.9000 3683.3334
11.9200 3766.6666
11.9400 3656.6666
11.9600 3660.0000
11.9800 3926.6666
12.0000 3966.6666
12.0200 4006.6666
12.0400 3916.6666
12.0600 4050.0000
12.0800 4030.0000
12.1000 4036.6666
12.1200 4016.6666
12.1400 4226.6666
12.1600 4333.3334
12.1800 4203.3334
12.2000 4226.6666
12.2200 4396.6666
12.2400 4646.6666
12.2600 4776.6666
12.2800 4833.3334
12.3000 4993.3334
12.3200 5120.0000
12.3400 5553.3334
12.3600 5493.3334
12.3800 5520.0000
12.4000 5146.6666
12.4200 5246.6666
12.4400 4813.3334
12.4600 4876.6666
12.4800 5026.6666
12.5000 4896.6666
12.5200 4560.0000
12.5400 4503.3334
12.5600 4200.0000
12.5800 3943.3334
12.6000 3833.3334
12.6200 3906.6666
12.6400 3853.3334
12.6600 3706.6666
12.6800 3483.3334
12.7000 3556.6666
12.7200 3473.3334
12.7400 3583.3334
12.7600 3476.6666
12.7800 3410.0000
12.8000 3216.6666
12.8200 3356.6666
12.8400 3443.3334
12.8600 3306.6666
12.8800 3200.0000
12.9000 3250.0000
12.9200 3340.0000
12.9400 3270.0000
12.9600 3316.6666
12.9800 3336.6666
13.0000 3343.3334
13.0200 3270.0000
13.0400 3140.0000
13.0600 3140.0000
13.0800 3040.0000
13.1000 3213.3334
13.1200 3196.6666
13.1400 3153.3334
13.1600 3093.3334
13.1800 3120.0000
13.2000 3216.6666
13.2200 3116.6666
13.2400 3143.3334
13.2600 3160.0000
13.2800 3203.3334
13.3000 3086.6666
13.3200 3206.6666
13.3400 3276.6666
13.3600 3276.6666
13.3800 3000.0000
13.4000 3080.0000
13.4200 3110.0000
13.4400 2886.6666
13.4600 3050.0000
13.4800 3196.6666
13.5000 2990.0000
13.5200 3230.0000
13.5400 3146.6666
13.5600 3130.0000
13.5800 3173.3334
13.6000 3166.6666
13.6200 3100.0000
13.6400 3003.3334
13.6600 3026.6666
13.6800 2980.0000
13.7000 3066.6666
13.7200 3056.6666
13.7400 2990.0000
13.7600 3173.3334
13.7800 3086.6666
13.8000 3133.3334
13.8200 3293.3334
13.8400 3140.0000
13.8600 3253.3334
13.8800 3240.0000
13.9000 3256.6666
13.9200 2956.6666
13.9400 2960.0000
13.9600 3060.0000
13.9800 3130.0000
14.0000 2963.3334
14.0200 2863.3334
14.0400 3010.0000
14.0600 3076.6666
14.0800 2986.6666
14.1000 3123.3334
14.1200 3060.0000
14.1400 2943.3334
14.1600 2780.0000
14.1800 3036.6666
14.2000 3080.0000
14.2200 2966.6666
14.2400 2970.0000
14.2600 2973.3334
14.2800 2953.3334
14.3000 2900.0000
14.3200 2936.6666
14.3400 3096.6666
14.3600 3116.6666
14.3800 2853.3334
14.4000 2696.6666
14.4200 2810.0000
14.4400 2780.0000
14.4600 2926.6666
14.4800 2840.0000
14.5000 2830.0000
14.5200 2906.6666
14.5400 2996.6666
14.5600 2950.0000
14.5800 2963.3334
14.6000 2976.6666
14.6200 2956.6666
14.6400 2910.0000
14.6600 2946.6666
14.6800 2890.0000
14.7000 2843.3334
14.7200 3050.0000
14.7400 2936.6666
14.7600 2950.0000
14.7800 3080.0000
14.8000 3013.3334
14.8200 2920.0000
14.8400 2870.0000
14.8600 2946.6666
14.8800 2956.6666
14.9000 2816.6666
14.9200 2830.0000
14.9400 2836.6666
14.9600 2800.0000
14.9800 2883.3334
15.0000 2863.3334
15.0200 2856.6666
15.0400 2953.3334
15.0600 2850.0000
15.0800 2990.0000
15.1000 2933.3334
15.1200 3056.6666
15.1400 2940.0000
15.1600 2706.6666
15.1800 2830.0000
15.2000 2780.0000
15.2200 2976.6666
15.2400 2743.3334
15.2600 2776.6666
15.2800 3013.3334
15.3000 2700.0000
15.3200 2763.3334
15.3400 2716.6666
15.3600 2950.0000
15.3800 2926.6666
15.4000 2670.0000
15.4200 2843.3334
15.4400 2753.3334
15.4600 2893.3334
15.4800 2853.3334
15.5000 2880.0000
15.5200 2973.3334
15.5400 2923.3334
15.5600 2796.6666
15.5800 2780.0000
15.6000 2720.0000
15.6200 2926.6666
15.6400 2766.6666
15.6600 2790.0000
15.6800 2933.3334
15.7000 2980.0000
15.7200 2906.6666
15.7400 2920.0000
15.7600 2626.6666
15.7800 2756.6666
15.8000 2873.3334
15.8200 2743.3334
15.8400 2820.0000
15.8600 2726.6666
15.8800 2776.6666
15.9000 2840.0000
15.9200 2946.6666
15.9400 2776.6666
15.9600 2716.6666
15.9800 2636.6666
16.0000 2740.0000
16.0200 2640.0000
16.0400 2833.3334
16.0600 2766.6666
16.0800 2860.0000
16.1000 3086.6666
16.1200 2950.0000
16.1400 2773.3334
16.1600 2696.6666
16.1800 2813.3334
16.2000 2780.0000
16.2200 2776.6666
16.2400 2636.6666
16.2600 2690.0000
16.2800 2750.0000
16.3000 2830.0000
16.3200 3016.6666
16.3400 2976.6666
16.3600 2680.0000
16.3800 2676.6666
16.4000 2770.0000
16.4200 2903.3334
16.4400 2813.3334
16.4600 2800.0000
16.4800 2980.0000
16.5000 2923.3334
16.5200 2876.6666
16.5400 2876.6666
16.5600 2860.0000
16.5800 2876.6666
16.6000 2823.3334
16.6200 2686.6666
16.6400 2906.6666
16.6600 2810.0000
16.6800 2676.6666
16.7000 2796.6666
16.7200 2883.3334
16.7400 2860.0000
16.7600 2856.6666
16.7800 2840.0000
16.8000 2773.3334
16.8200 3006.6666
16.8400 2920.0000
16.8600 2770.0000
16.8800 2760.0000
16.9000 2886.6666
16.9200 2966.6666
16.9400 2840.0000
16.9600 2946.6666
16.9800 2943.3334
17.0000 2863.3334
17.0200 2960.0000
17.0400 2906.6666
17.0600 2606.6666
17.0800 2956.6666
17.1000 2980.0000
17.1200 2986.6666
17.1400 2996.6666
17.1600 2980.0000
17.1800 2876.6666
17.2000 2976.6666
17.2200 3043.3334
17.2400 3016.6666
17.2600 3080.0000
17.2800 2986.6666
17.3000 3093.3334
17.3200 3023.3334
17.3400 3023.3334
17.3600 3250.0000
17.3800 3070.0000
17.4000 2963.3334
17.4200 3090.0000
17.4400 3003.3334
17.4600 3026.6666
17.4800 3126.6666
17.5000 3490.0000
17.5200 3356.6666
17.5400 3420.0000
17.5600 3460.0000
17.5800 3483.3334
17.6000 3310.0000
17.6200 3473.3334
17.6400 3426.6666
17.6600 3650.0000
17.6800 3560.0000
17.7000 3886.6666
17.7200 3916.6666
17.7400 4210.0000
17.7600 4146.6666
17.7800 4150.0000
17.8000 4280.0000
17.8200 4196.6666
17.8400 3783.3334
17.8600 3643.3334
17.8800 3703.3334
17.9000 3563.3334
17.9200 3453.3334
17.9400 3603.3334
17.9600 3200.0000
17.9800 3300.0000
18.0000 3286.6666
18.0200 3316.6666
18.0400 3343.3334
18.0600 3036.6666
18.0800 3263.3334
18.1000 3123.3334
18.1200 3196.6666
18.1400 3083.3334
18.1600 3273.3334
18.1800 3193.3334
18.2000 3253.3334
18.2200 3040.0000
18.2400 3036.6666
18.2600 3216.6666
18.2800 3236.6666
18.3000 3143.3334
18.3200 3190.0000
18.3400 3163.3334
18.3600 3070.0000
18.3800 2970.0000
18.4000 3170.0000
18.4200 3103.3334
18.4400 3113.3334
18.4600 3070.0000
18.4800 3063.3334
18.5000 3173.3334
18.5200 3060.0000
18.5400 2873.3334
18.5600 3136.6666
18.5800 3110.0000
18.6000 2956.6666
18.6200 3116.6666
18.6400 2970.0000
18.6600 3086.6666
18.6800 3183.3334
18.7000 3133.3334
18.7200 3206.6666
18.7400 3220.0000
18.7600 3200.0000
18.7800 3263.3334
18.8000 3156.6666
18.8200 3086.6666
18.8400 3026.6666
18.8600 3003.3334
18.8800 3083.3334
18.9000 2813.3334
18.9200 2973.3334
18.9400 3073.3334
18.9600 2976.6666
18.9800 2773.3334
19.0000 2946.6666
19.0200 2930.0000
19.0400 3083.3334
19.0600 3000.0000
19.0800 2920.0000
19.1000 2880.0000
19.1200 2833.3334
19.1400 2910.0000
19.1600 2976.6666
19.1800 2900.0000
19.2000 3000.0000
19.2200 2950.0000
19.2400 2976.6666
19.2600 2953.3334
19.2800 3126.6666
19.3000 3040.0000
19.3200 3106.6666
19.3400 3223.3334
19.3600 3273.3334
19.3800 3240.0000
19.4000 3200.0000
19.4200 3196.6666
19.4400 3516.6666
19.4600 3263.3334
19.4800 3463.3334
19.5000 3440.0000
19.5200 3546.6666
19.5400 3483.3334
19.5600 3416.6666
19.5800 3563.3334
19.6000 3783.3334
19.6200 3806.6666
19.6400 4013.3334
19.6600 4200.0000
19.6800 4293.3334
19.7000 4256.6666
19.7200 4500.0000
19.7400 4446.6666
19.7600 4466.6666
19.7800 4680.0000
19.8000 4633.3334
19.8200 4736.6666
19.8400 4386.6666
19.8600 4696.6666
19.8800 4650.0000
19.9000 4546.6666
19.9200 4443.3334
19.9400 4423.3334
19.9600 4246.6666
19.9800 4060.0000
20.0000 4173.3334
20.0200 4113.3334
20.0400 4116.6666
20.0600 3890.0000
20.0800 3776.6666
20.1000 3670.0000
20.1200 3700.0000
20.1400 3916.6666
20.1600 3643.3334
20.1800 3906.6666
20.2000 3660.0000
20.2200 3710.0000
20.2400 3683.3334
20.2600 3583.3334
20.2800 3446.6666
20.3000 3773.3334
20.3200 3463.3334
20.3400 3700.0000
20.3600 3480.0000
20.3800 3573.3334
20.4000 3473.3334
20.4200 3463.3334
20.4400 3426.6666
20.4600 3370.0000
20.4800 3380.0000
20.5000 3370.0000
20.5200 3326.6666
20.5400 3466.6666
20.5600 3366.6666
20.5800 3463.3334
20.6000 3480.0000
20.6200 3376.6666
20.6400 3540.0000
20.6600 3500.0000
20.6800 3406.6666
20.7000 3536.6666
20.7200 3373.3334
20.7400 3440.0000
20.7600 3623.3334
20.7800 3833.3334
20.8000 4186.6666
20.8200 4766.6666
20.8400 5726.6666
20.8600 6613.3334
20.8800 6206.6666
20.9000 5303.3334
20.9200 5143.3334
20.9400 4506.6666
20.9600 3830.0000
20.9800 3813.3334
21.0000 3553.3334
21.0200 3446.6666
21.0400 3670.0000
21.0600 3556.6666
21.0800 3383.3334
21.1000 3143.3334
21.1200 3260.0000
21.1400 3596.6666
21.1600 3230.0000
21.1800 3240.0000
21.2000 3156.6666
21.2200 3206.6666
21.2400 3180.0000
21.2600 3246.6666
21.2800 3280.0000
21.3000 3283.3334
21.3200 3236.6666
21.3400 3356.6666
21.3600 3150.0000
21.3800 3236.6666
21.4000 3203.3334
21.4200 3176.6666
21.4400 3370.0000
21.4600 3216.6666
21.4800 3336.6666
21.5000 3343.3334
21.5200 3253.3334
21.5400 3266.6666
21.5600 3360.0000
21.5800 3310.0000
21.6000 3216.6666
21.6200 3123.3334
21.6400 3076.6666
21.6600 3183.3334
21.6800 3100.0000
21.7000 2946.6666
21.7200 3103.3334
21.7400 3176.6666
21.7600 3003.3334
21.7800 3023.3334
21.8000 3176.6666
21.8200 2946.6666
21.8400 3153.3334
21.8600 3046.6666
21.8800 3083.3334
21.9000 3230.0000
21.9200 3273.3334
21.9400 3106.6666
21.9600 3116.6666
21.9800 3163.3334
22.0000 3196.6666
22.0200 3320.0000
22.0400 3350.0000
22.0600 3510.0000
22.0800 3326.6666
22.1000 3483.3334
22.1200 3040.0000
22.1400 3083.3334
22.1600 2993.3334
22.1800 3123.3334
22.2000 3063.3334
22.2200 2966.6666
22.2400 3066.6666
22.2600 2983.3334
22.2800 3183.3334
22.3000 3070.0000
22.3200 2946.6666
22.3400 2996.6666
22.3600 3073.3334
22.3800 2983.3334
22.4000 3113.3334
22.4200 3336.6666
22.4400 3090.0000
22.4600 2983.3334
22.4800 3373.3334
22.5000 3216.6666
22.5200 3100.0000
22.5400 3123.3334
22.5600 3116.6666
22.5800 3010.0000
22.6000 3106.6666
22.6200 3200.0000
22.6400 2956.6666
22.6600 3086.6666
22.6800 3256.6666
22.7000 3123.3334
22.7200 3193.3334
22.7400 2960.0000
22.7600 3056.6666
22.7800 2996.6666
22.8000 3136.6666
22.8200 3130.0000
22.8400 3283.3334
22.8600 3246.6666
22.8800 3200.0000
22.9000 3383.3334
22.9200 3256.6666
22.9400 3040.0000
22.9600 2986.6666
22.9800 3396.6666
23.0000 3256.6666
23.0200 3053.3334
23.0400 3126.6666
23.0600 3210.0000
23.0800 3070.0000
23.1000 3106.6666
23.1200 3090.0000
23.1400 3006.6666
23.1600 3190.0000
23.1800 3246.6666
23.2000 3146.6666
23.2200 3156.6666
23.2400 3196.6666
23.2600 3083.3334
23.2800 3100.0000
23.3000 3150.0000
23.3200 2990.0000
23.3400 2926.6666
23.3600 3053.3334
23.3800 3190.0000
23.4000 2980.0000
23.4200 3130.0000
23.4400 3166.6666
23.4600 3200.0000
23.4800 3243.3334
23.5000 3240.0000
23.5200 3403.3334
23.5400 3370.0000
23.5600 3430.0000
23.5800 3490.0000
23.6000 3420.0000
23.6200 3400.0000
23.6400 3260.0000
23.6600 3223.3334
23.6800 3356.6666
23.7000 3100.0000
23.7200 3303.3334
23.7400 3326.6666
23.7600 3183.3334
23.7800 3410.0000
23.8000 3256.6666
23.8200 3146.6666
23.8400 2976.6666
23.8600 3223.3334
23.8800 3220.0000
23.9000 3213.3334
23.9200 3320.0000
23.9400 3210.0000
23.9600 3316.6666
23.9800 3346.6666
24.0000 3236.6666
24.0200 3346.6666
24.0400 3250.0000
24.0600 3166.6666
24.0800 3160.0000
24.1000 3323.3334
24.1200 3330.0000
24.1400 3323.3334
24.1600 3340.0000
24.1800 3583.3334
24.2000 3420.0000
24.2200 3460.0000
24.2400 3330.0000
24.2600 3476.6666
24.2800 3343.3334
24.3000 3366.6666
24.3200 3413.3334
24.3400 3270.0000
24.3600 3536.6666
24.3800 3360.0000
24.4000 3566.6666
24.4200 3320.0000
24.4400 3473.3334
24.4600 3413.3334
24.4800 3230.0000
24.5000 3300.0000
24.5200 3373.3334
24.5400 3346.6666
24.5600 3220.0000
24.5800 3273.3334
24.6000 3473.3334
24.6200 3460.0000
24.6400 3550.0000
24.6600 3753.3334
24.6800 3466.6666
24.7000 3606.6666
24.7200 3613.3334
24.7400 3610.0000
24.7600 3896.6666
24.7800 3800.0000
24.8000 3976.6666
24.8200 3863.3334
24.8400 4276.6666
24.8600 4540.0000
24.8800 4413.3334
24.9000 4420.0000
24.9200 4360.0000
24.9400 4536.6666
24.9600 4300.0000
24.9800 4226.6666
25.0000 4160.0000
25.0200 4286.6666
25.0400 3923.3334
25.0600 4123.3334
25.0800 4036.6666
25.1000 4310.0000
25.1200 4363.3334
25.1400 4233.3334
25.1600 4330.0000
25.1800 4190.0000
25.2000 4480.0000
25.2200 4406.6666
25.2400 4320.0000
25.2600 4106.6666
25.2800 4320.0000
25.3000 4303.3334
25.3200 4090.0000
25.3400 4203.3334
25.3600 4006.6666
25.3800 4053.3334
25.4000 4186.6666
25.4200 3923.3334
25.4400 3883.3334
25.4600 3890.0000
25.4800 4110.0000
25.5000 3836.6666
25.5200 3873.3334
25.5400 4016.6666
25.5600 3853.3334
25.5800 3926.6666
25.6000 4030.0000
25.6200 4010.0000
25.6400 3960.0000
25.6600 4000.0000
25.6800 3840.0000
25.7000 3993.3334
25.7200 3980.0000
25.7400 3720.0000
25.7600 3723.3334
25.7800 3930.0000
25.8000 3893.3334
25.8200 3776.6666
25.8400 3726.6666
25.8600 3700.0000
25.8800 3790.0000
25.9000 3780.0000
25.9200 3926.6666
25.9400 3836.6666
25.9600 3803.3334
25.9800 3670.0000
26.0000 3943.3334
26.0200 3910.0000
26.0400 3836.6666
26.0600 3803.3334
26.0800 3726.6666
26.1000 3720.0000
26.1200 3710.0000
26.1400 3860.0000
26.1600 3740.0000
26.1800 3823.3334
26.2000 4070.0000
26.2200 3963.3334
26.2400 3800.0000
26.2600 4060.0000
26.2800 4023.3334
26.3000 4033.3334
26.3200 4316.6666
26.3400 4460.0000
26.3600 4463.3334
26.3800 4363.3334
26.4000 4640.0000
26.4200 4786.6666
26.4400 4726.6666
26.4600 4916.6666
26.4800 5230.0000
26.5000 5356.6666
26.5200 5793.3334
26.5400 6116.6666
26.5600 6953.3334
26.5800 8096.6666
26.6000 11130.0000
26.6200 15936.6666
26.6400 20326.6666
26.6600 17453.3334
26.6800 13726.6666
26.7000 14553.3334
26.7200 13553.3334
26.7400 10016.6666
26.7600 8420.0000
26.7800 7863.3334
26.8000 7423.3334
26.8200 6940.0000
26.8400 6573.3334
26.8600 6340.0000
26.8800 5836.6666
26.9000 5306.6666
26.9200 5290.0000
26.9400 4866.6666
26.9600 4893.3334
26.9800 5000.0000
27.0000 4563.3334
27.0200 4376.6666
27.0400 4366.6666
27.0600 4410.0000
27.0800 4216.6666
27.1000 4400.0000
27.1200 4346.6666
27.1400 4243.3334
27.1600 4110.0000
27.1800 3963.3334
27.2000 4143.3334
27.2200 3930.0000
27.2400 4116.6666
27.2600 3886.6666
27.2800 4040.0000
27.3000 3886.6666
27.3200 3846.6666
27.3400 3996.6666
27.3600 3876.6666
27.3800 4026.6666
27.4000 4110.0000
27.4200 4356.6666
27.4400 4360.0000
27.4600 4073.3334
27.4800 4250.0000
27.5000 4203.3334
27.5200 4146.6666
27.5400 4270.0000
27.5600 3853.3334
27.5800 3886.6666
27.6000 3953.3334
27.6200 3843.3334
27.6400 3936.6666
27.6600 3800.0000
27.6800 3776.6666
27.7000 3896.6666
27.7200 3923.3334
27.7400 3990.0000
27.7600 4146.6666
27.7800 4003.3334
27.8000 4050.0000
27.8200 3900.0000
27.8400 4133.3334
27.8600 4163.3334
27.8800 4206.6666
27.9000 4566.6666
27.9200 4473.3334
27.9400 4640.0000
27.9600 4496.6666
27.9800 4403.3334
28.0000 4260.0000
28.0200 3993.3334
28.0400 3700.0000
28.0600 3533.3334
28.0800 3593.3334
28.1000 3596.6666
28.1200 3333.3334
28.1400 3533.3334
28.1600 3406.6666
28.1800 3643.3334
28.2000 3460.0000
28.2200 3320.0000
28.2400 3380.0000
28.2600 3370.0000
28.2800 3213.3334
28.3000 3280.0000
28.3200 3280.0000
28.3400 3150.0000
28.3600 3226.6666
28.3800 3273.3334
28.4000 3213.3334
28.4200 3200.0000
28.4400 3170.0000
28.4600 3110.0000
28.4800 3056.6666
28.5000 3196.6666
28.5200 3133.3334
28.5400 3173.3334
28.5600 3060.0000
28.5800 3266.6666
28.6000 3143.3334
28.6200 3160.0000
28.6400 3180.0000
28.6600 3026.6666
28.6800 3146.6666
28.7000 3056.6666
28.7200 3090.0000
28.7400 3140.0000
28.7600 3060.0000
28.7800 2840.0000
28.8000 3093.3334
28.8200 3046.6666
28.8400 3170.0000
28.8600 3003.3334
28.8800 2733.3334
28.9000 2983.3334
28.9200 2950.0000
28.9400 3066.6666
28.9600 2956.6666
28.9800 2996.6666
29.0000 2973.3334
29.0200 3096.6666
29.0400 3153.3334
29.0600 2880.0000
29.0800 3023.3334
29.1000 3033.3334
29.1200 3086.6666
29.1400 3090.0000
29.1600 3030.0000
29.1800 3063.3334
29.2000 2706.6666
29.2200 3093.3334
29.2400 2970.0000
29.2600 2900.0000
29.2800 2986.6666
29.3000 2926.6666
29.3200 2923.3334
29.3400 2980.0000
29.3600 2890.0000
29.3800 3080.0000
29.4000 2886.6666
29.4200 2956.6666
29.4400 2930.0000
29.4600 2870.0000
29.4800 2873.3334
29.5000 2940.0000
29.5200 2956.6666
29.5400 3103.3334
29.5600 2956.6666
29.5800 2946.6666
29.6000 2996.6666
29.6200 2930.0000
29.6400 3090.0000
29.6600 2936.6666
29.6800 2956.6666
29.7000 3036.6666
29.7200 3140.0000
29.7400 3150.0000
29.7600 3116.6666
29.7800 3316.6666
29.8000 3443.3334
29.8200 3260.0000
29.8400 3186.6666
29.8600 3510.0000
29.8800 3420.0000
29.9000 3190.0000
29.9200 3380.0000
29.9400 3126.6666
29.9600 3036.6666
29.9800 3353.3334
30.0000 3266.6666
30.0200 2983.3334
30.0400 3133.3334
30.0600 2976.6666
30.0800 2980.0000
30.1000 2893.3334
30.1200 2890.0000
30.1400 2863.3334
30.1600 2980.0000
30.1800 3050.0000
30.2000 2936.6666
30.2200 2953.3334
30.2400 2880.0000
30.2600 2860.0000
30.2800 2910.0000
30.3000 3026.6666
30.3200 2866.6666
30.3400 2770.0000
30.3600 2680.0000
30.3800 2986.6666
30.4000 2976.6666
30.4200 2740.0000
30.4400 2903.3334
30.4600 3046.6666
30.4800 2920.0000
30.5000 3060.0000
30.5200 2850.0000
30.5400 2990.0000
30.5600 2810.0000
30.5800 2823.3334
30.6000 2970.0000
30.6200 2873.3334
30.6400 2670.0000
30.6600 2673.3334
30.6800 2953.3334
30.7000 2823.3334
30.7200 2730.0000
30.7400 2900.0000
30.7600 2833.3334
30.7800 2836.6666
30.8000 2723.3334
30.8200 2743.3334
30.8400 2823.3334
30.8600 2806.6666
30.8800 2866.6666
30.9000 2750.0000
30.9200 2896.6666
30.9400 2693.3334
30.9600 2693.3334
30.9800 2800.0000
31.0000 2830.0000
31.0200 2806.6666
31.0400 2860.0000
31.0600 2790.0000
31.0800 2846.6666
31.1000 2820.0000
31.1200 2756.6666
31.1400 2726.6666
31.1600 2593.3334
31.1800 2620.0000
31.2000 2926.6666
31.2200 2896.6666
31.2400 2943.3334
31.2600 2856.6666
31.2800 2806.6666
31.3000 3113.3334
31.3200 2923.3334
31.3400 2713.3334
31.3600 2696.6666
31.3800 2713.3334
31.4000 2750.0000
31.4200 2710.0000
31.4400 2770.0000
31.4600 2596.6666
31.4800 2760.0000
31.5000 2866.6666
31.5200 2753.3334
31.5400 2730.0000
31.5600 2730.0000
31.5800 2740.0000
31.6000 2610.0000
31.6200 2630.0000
31.6400 2593.3334
31.6600 2666.6666
31.6800 2826.6666
31.7000 2636.6666
31.7200 2480.0000
31.7400 2663.3334
31.7600 2606.6666
31.7800 2653.3334
31.8000 2550.0000
31.8200 2500.0000
31.8400 2500.0000
31.8600 2493.3334
31.8800 2620.0000
31.9000 2613.3334
31.9200 2716.6666
31.9400 2646.6666
31.9600 2460.0000
31.9800 2533.3334
32.0000 2523.3334
32.0200 2616.6666
32.0400 2703.3334
32.0600 2693.3334
32.0800 2730.0000
32.1000 2520.0000
32.1200 2550.0000
32.1400 2560.0000
32.1600 2580.0000
32.1800 2580.0000
32.2000 2690.0000
32.2200 2423.3334
32.2400 2530.0000
32.2600 2463.3334
32.2800 2543.3334
32.3000 2623.3334
32.3200 2506.6666
32.3400 2346.6666
32.3600 2360.0000
32.3800 2433.3334
32.4000 2656.6666
32.4200 2443.3334
32.4400 2490.0000
32.4600 2546.6666
32.4800 2556.6666
32.5000 2456.6666
32.5200 2656.6666
32.5400 2413.3334
32.5600 2470.0000
32.5800 2460.0000
32.6000 2533.3334
32.6200 2380.0000
32.6400 2506.6666
32.6600 2410.0000
32.6800 2223.3334
32.7000 2526.6666
32.7200 2470.0000
32.7400 2420.0000
32.7600 2463.3334
32.7800 2263.3334
32.8000 2473.3334
32.8200 2513.3334
32.8400 2453.3334
32.8600 2533.3334
32.8800 2393.3334
32.9000 2443.3334
32.9200 2510.0000
32.9400 2423.3334
32.9600 2503.3334
32.9800 2483.3334
33.0000 2523.3334
33.0200 2386.6666
33.0400 2510.0000
33.0600 2240.0000
33.0800 2430.0000
33.1000 2560.0000
33.1200 2676.6666
33.1400 2870.0000
33.1600 2636.6666
33.1800 2616.6666
33.2000 2573.3334
33.2200 2506.6666
33.2400 2513.3334
33.2600 2536.6666
33.2800 2416.6666
33.3000 2700.0000
33.3200 2453.3334
33.3400 2420.0000
33.3600 2450.0000
33.3800 2540.0000
33.4000 2353.3334
33.4200 2413.3334
33.4400 2413.3334
33.4600 2283.3334
33.4800 2446.6666
33.5000 2373.3334
33.5200 2550.0000
33.5400 2343.3334
33.5600 2543.3334
33.5800 2600.0000
33.6000 2366.6666
33.6200 2326.6666
33.6400 2416.6666
33.6600 2353.3334
33.6800 2280.0000
33.7000 2310.0000
33.7200 2270.0000
33.7400 2220.0000
33.7600 2286.6666
33.7800 2543.3334
33.8000 2300.0000
33.8200 2600.0000
33.8400 2430.0000
33.8600 2510.0000
33.8800 2326.6666
33.9000 2606.6666
33.9200 2490.0000
33.9400 2363.3334
33.9600 2283.3334
33.9800 2570.0000
34.0000 2406.6666
