#Intensity_unit=cps
#Attenuator_coefficient=1.0000
2.0000 25127.5000
2.0200 24987.5000
2.0400 24532.5000
2.0600 23967.5000
2.0800 23850.0000
2.1000 23222.5000
2.1200 23535.0000
2.1400 23182.5000
2.1600 22615.0000
2.1800 22535.0000
2.2000 22382.5000
2.2200 22067.5000
2.2400 21950.0000
2.2600 21757.5000
2.2800 20940.0000
2.3000 20787.5000
2.3200 20077.5000
2.3400 20097.5000
2.3600 19740.0000
2.3800 19675.0000
2.4000 19787.5000
2.4200 19645.0000
2.4400 19747.5000
2.4600 19405.0000
2.4800 19160.0000
2.5000 19100.0000
2.5200 19255.0000
2.5400 19165.0000
2.5600 19215.0000
2.5800 19592.5000
2.6000 19457.5000
2.6200 19377.5000
2.6400 19262.5000
2.6600 19557.5000
2.6800 19602.5000
2.7000 19920.0000
2.7200 19695.0000
2.7400 20077.5000
2.7600 19617.5000
2.7800 19957.5000
2.8000 19565.0000
2.8200 19670.0000
2.8400 19037.5000
2.8600 19122.5000
2.8800 19167.5000
2.9000 18937.5000
2.9200 19010.0000
2.9400 18250.0000
2.9600 18937.5000
2.9800 18575.0000
3.0000 18572.5000
3.0200 18167.5000
3.0400 18110.0000
3.0600 18462.5000
3.0800 18187.5000
3.1000 18490.0000
3.1200 18115.0000
3.1400 18310.0000
3.1600 17997.5000
3.1800 18310.0000
3.2000 17730.0000
3.2200 18205.0000
3.2400 18307.5000
3.2600 17912.5000
3.2800 17927.5000
3.3000 17782.5000
3.3200 17932.5000
3.3400 17985.0000
3.3600 17912.5000
3.3800 18045.0000
3.4000 17767.5000
3.4200 18202.5000
3.4400 17967.5000
3.4600 17982.5000
3.4800 17992.5000
3.5000 18157.5000
3.5200 17745.0000
3.5400 18257.5000
3.5600 18310.0000
3.5800 18230.0000
3.6000 18212.5000
3.6200 17960.0000
3.6400 17887.5000
3.6600 18182.5000
3.6800 17722.5000
3.7000 18052.5000
3.7200 18110.0000
3.7400 18055.0000
3.7600 17980.0000
3.7800 18472.5000
3.8000 18042.5000
3.8200 18285.0000
3.8400 17887.5000
3.8600 18062.5000
3.8800 17845.0000
3.9000 17572.5000
3.9200 17650.0000
3.9400 17630.0000
3.9600 18005.0000
3.9800 17630.0000
4.0000 17565.0000
4.0200 17552.5000
4.0400 17557.5000
4.0600 17267.5000
4.0800 17447.5000
4.1000 17167.5000
4.1200 17780.0000
4.1400 17750.0000
4.1600 17485.0000
4.1800 17727.5000
4.2000 18010.0000
4.2200 17507.5000
4.2400 17117.5000
4.2600 17255.0000
4.2800 17440.0000
4.3000 17115.0000
4.3200 17045.0000
4.3400 17322.5000
4.3600 16895.0000
4.3800 17432.5000
4.4000 17165.0000
4.4200 17200.0000
4.4400 16632.5000
4.4600 16742.5000
4.4800 16982.5000
4.5000 16790.0000
4.5200 16422.5000
4.5400 16767.5000
4.5600 16435.0000
4.5800 16972.5000
4.6000 17017.5000
4.6200 16352.5000
4.6400 16550.0000
4.6600 16530.0000
4.6800 16405.0000
4.7000 16212.5000
4.7200 16815.0000
4.7400 16415.0000
4.7600 16542.5000
4.7800 16347.5000
4.8000 16005.0000
4.8200 16240.0000
4.8400 16237.5000
4.8600 16420.0000
4.8800 16892.5000
4.9000 16062.5000
4.9200 16187.5000
4.9400 15877.5000
4.9600 16232.5000
4.9800 16135.0000
5.0000 16260.0000
5.0200 16050.0000
5.0400 15907.5000
5.0600 15750.0000
5.0800 15495.0000
5.1000 15937.5000
5.1200 15825.0000
5.1400 15620.0000
5.1600 15512.5000
5.1800 15327.5000
5.2000 15455.0000
5.2200 15585.0000
5.2400 15200.0000
5.2600 14830.0000
5.2800 14977.5000
5.3000 14587.5000
5.3200 15057.5000
5.3400 15207.5000
5.3600 14577.5000
5.3800 14925.0000
5.4000 14680.0000
5.4200 14487.5000
5.4400 14245.0000
5.4600 14112.5000
5.4800 13982.5000
5.5000 14315.0000
5.5200 13917.5000
5.5400 14040.0000
5.5600 13735.0000
5.5800 13465.0000
5.6000 13550.0000
5.6200 13510.0000
5.6400 13427.5000
5.6600 13322.5000
5.6800 13390.0000
5.7000 12747.5000
5.7200 12807.5000
5.7400 12897.5000
5.7600 12705.0000
5.7800 12517.5000
5.8000 12280.0000
5.8200 12570.0000
5.8400 12650.0000
5.8600 12687.5000
5.8800 12375.0000
5.9000 12317.5000
5.9200 12402.5000
5.9400 12475.0000
5.9600 12345.0000
5.9800 12550.0000
6.0000 12167.5000
6.0200 12592.5000
6.0400 11887.5000
6.0600 12387.5000
6.0800 12457.5000
6.1000 12630.0000
6.1200 12875.0000
6.1400 13200.0000
6.1600 12970.0000
6.1800 12822.5000
6.2000 13017.5000
6.2200 12822.5000
6.2400 12302.5000
6.2600 11812.5000
6.2800 11132.5000
6.3000 11090.0000
6.3200 10527.5000
6.3400 10377.5000
6.3600 10002.5000
6.3800 10072.5000
6.4000 10127.5000
6.4200 9587.5000
6.4400 9622.5000
6.4600 9220.0000
6.4800 9540.0000
6.5000 9187.5000
6.5200 9167.5000
6.5400 9112.5000
6.5600 8917.5000
6.5800 8952.5000
6.6000 8635.0000
6.6200 8885.0000
6.6400 8570.0000
6.6600 8787.5000
6.6800 8532.5000
6.7000 8577.5000
6.7200 8740.0000
6.7400 8515.0000
6.7600 8332.5000
6.7800 8200.0000
6.8000 8200.0000
6.8200 8545.0000
6.8400 8365.0000
6.8600 8070.0000
6.8800 8302.5000
6.9000 8392.5000
6.9200 8022.5000
6.9400 8137.5000
6.9600 8015.0000
6.9800 7825.0000
7.0000 7995.0000
7.0200 8085.0000
7.0400 7490.0000
7.0600 7890.0000
7.0800 7975.0000
7.1000 8002.5000
7.1200 7787.5000
7.1400 7615.0000
7.1600 7757.5000
7.1800 7697.5000
7.2000 7677.5000
7.2200 7675.0000
7.2400 7472.5000
7.2600 7660.0000
7.2800 7605.0000
7.3000 7647.5000
7.3200 7442.5000
7.3400 7697.5000
7.3600 7440.0000
7.3800 7545.0000
7.4000 7462.5000
7.4200 7355.0000
7.4400 7175.0000
7.4600 7160.0000
7.4800 7432.5000
7.5000 7235.0000
7.5200 7435.0000
7.5400 7222.5000
7.5600 7340.0000
7.5800 7260.0000
7.6000 7192.5000
7.6200 7257.5000
7.6400 7132.5000
7.6600 7280.0000
7.6800 7102.5000
7.7000 7185.0000
7.7200 6950.0000
7.7400 7130.0000
7.7600 7270.0000
7.7800 7122.5000
7.8000 7232.5000
7.8200 7247.5000
7.8400 7100.0000
7.8600 7015.0000
7.8800 7252.5000
7.9000 7507.5000
7.9200 7217.5000
7.9400 7207.5000
7.9600 7297.5000
7.9800 7150.0000
8.0000 7005.0000
8.0200 7390.0000
8.0400 7337.5000
8.0600 7015.0000
8.0800 7147.5000
8.1000 7260.0000
8.1200 7205.0000
8.1400 7262.5000
8.1600 7205.0000
8.1800 7270.0000
8.2000 7272.5000
8.2200 7395.0000
8.2400 7337.5000
8.2600 7307.5000
8.2800 7417.5000
8.3000 7440.0000
8.3200 7202.5000
8.3400 7760.0000
8.3600 7587.5000
8.3800 7480.0000
8.4000 7572.5000
8.4200 7810.0000
8.4400 8057.5000
8.4600 7702.5000
8.4800 8005.0000
8.5000 7905.0000
8.5200 8352.5000
8.5400 8350.0000
8.5600 8132.5000
8.5800 8427.5000
8.6000 8355.0000
8.6200 8502.5000
8.6400 8792.5000
8.6600 9110.0000
8.6800 9105.0000
8.7000 9445.0000
8.7200 9555.0000
8.7400 10187.5000
8.7600 10927.5000
8.7800 11750.0000
8.8000 12372.5000
8.8200 12775.0000
8.8400 13137.5000
8.8600 12425.0000
8.8800 11310.0000
8.9000 10430.0000
8.9200 9830.0000
8.9400 9395.0000
8.9600 9027.5000
8.9800 8677.5000
9.0000 8575.0000
9.0200 8087.5000
9.0400 7997.5000
9.0600 7962.5000
9.0800 7727.5000
9.1000 7665.0000
9.1200 7405.0000
9.1400 7387.5000
9.1600 7292.5000
9.1800 7400.0000
9.2000 7015.0000
9.2200 7155.0000
9.2400 7065.0000
9.2600 6877.5000
9.2800 7067.5000
9.3000 6692.5000
9.3200 6797.5000
9.3400 6727.5000
9.3600 6450.0000
9.3800 6485.0000
9.4000 6490.0000
9.4200 6477.5000
9.4400 6402.5000
9.4600 6277.5000
9.4800 6187.5000
9.5000 6497.5000
9.5200 5892.5000
9.5400 6115.0000
9.5600 6062.5000
9.5800 6120.0000
9.6000 6012.5000
9.6200 5990.0000
9.6400 5957.5000
9.6600 6020.0000
9.6800 5837.5000
9.7000 5755.0000
9.7200 5735.0000
9.7400 5757.5000
9.7600 5497.5000
9.7800 5737.5000
9.8000 5552.5000
9.8200 5622.5000
9.8400 5592.5000
9.8600 5660.0000
9.8800 5452.5000
9.9000 5312.5000
9.9200 5285.0000
9.9400 5245.0000
9.9600 5277.5000
9.9800 5360.0000
10.0000 5285.0000
10.0200 5200.0000
10.0400 5097.5000
10.0600 5172.5000
10.0800 5120.0000
10.1000 4997.5000
10.1200 4905.0000
10.1400 5125.0000
10.1600 4882.5000
10.1800 5020.0000
10.2000 5092.5000
10.2200 5037.5000
10.2400 4790.0000
10.2600 4792.5000
10.2800 4750.0000
10.3000 4875.0000
10.3200 4657.5000
10.3400 4730.0000
10.3600 4835.0000
10.3800 4810.0000
10.4000 4727.5000
10.4200 4695.0000
10.4400 4955.0000
10.4600 4647.5000
10.4800 4710.0000
10.5000 4765.0000
10.5200 4660.0000
10.5400 4605.0000
10.5600 4607.5000
10.5800 4605.0000
10.6000 4460.0000
10.6200 4597.5000
10.6400 4552.5000
10.6600 4262.5000
10.6800 4482.5000
10.7000 4422.5000
10.7200 4467.5000
10.7400 4345.0000
10.7600 4407.5000
10.7800 4477.5000
10.8000 4582.5000
10.8200 4450.0000
10.8400 4342.5000
10.8600 4510.0000
10.8800 4367.5000
10.9000 4360.0000
10.9200 4337.5000
10.9400 4330.0000
10.9600 4232.5000
10.9800 4457.5000
11.0000 4197.5000
11.0200 4227.5000
11.0400 4405.0000
11.0600 4200.0000
11.0800 4102.5000
11.1000 4160.0000
11.1200 4170.0000
11.1400 4287.5000
11.1600 4277.5000
11.1800 4362.5000
11.2000 4387.5000
11.2200 4330.0000
11.2400 4240.0000
11.2600 4055.0000
11.2800 4127.5000
11.3000 4060.0000
11.3200 4317.5000
11.3400 4140.0000
11.3600 4150.0000
11.3800 4322.5000
11.4000 4272.5000
11.4200 4062.5000
11.4400 4040.0000
11.4600 4160.0000
11.4800 4327.5000
11.5000 4275.0000
11.5200 4210.0000
11.5400 4040.0000
11.5600 4335.0000
11.5800 4410.0000
11.6000 4375.0000
11.6200 4122.5000
11.6400 4310.0000
11.6600 4177.5000
11.6800 4287.5000
11.7000 4460.0000
11.7200 4490.0000
11.7400 4370.0000
11.7600 4377.5000
11.7800 4390.0000
11.8000 4340.0000
11.8200 4372.5000
11.8400 4485.0000
11.8600 4620.0000
11.8800 4512.5000
11.9000 4705.0000
11.9200 4882.5000
11.9400 4760.0000
11.9600 4887.5000
11.9800 4805.0000
12.0000 5182.5000
12.0200 5185.0000
12.0400 5102.5000
12.0600 5355.0000
12.0800 5522.5000
12.1000 5555.0000
12.1200 5815.0000
12.1400 6045.0000
12.1600 6042.5000
12.1800 6120.0000
12.2000 6502.5000
12.2200 7015.0000
12.2400 6870.0000
12.2600 7207.5000
12.2800 7712.5000
12.3000 8167.5000
12.3200 8622.5000
12.3400 8910.0000
12.3600 8847.5000
12.3800 8885.0000
12.4000 9067.5000
12.4200 8885.0000
12.4400 9212.5000
12.4600 9332.5000
12.4800 9557.5000
12.5000 8620.0000
12.5200 7525.0000
12.5400 6765.0000
12.5600 5897.5000
12.5800 5680.0000
12.6000 5382.5000
12.6200 4982.5000
12.6400 4640.0000
12.6600 4727.5000
12.6800 4705.0000
12.7000 4367.5000
12.7200 4285.0000
12.7400 4115.0000
12.7600 4042.5000
12.7800 4035.0000
12.8000 3912.5000
12.8200 3845.0000
12.8400 3747.5000
12.8600 3715.0000
12.8800 3952.5000
12.9000 3860.0000
12.9200 3745.0000
12.9400 3775.0000
12.9600 3657.5000
12.9800 3535.0000
13.0000 3735.0000
13.0200 3632.5000
13.0400 3727.5000
13.0600 3470.0000
13.0800 3625.0000
13.1000 3540.0000
13.1200 3572.5000
13.1400 3542.5000
13.1600 3515.0000
13.1800 3380.0000
13.2000 3467.5000
13.2200 3437.5000
13.2400 3547.5000
13.2600 3415.0000
13.2800 3490.0000
13.3000 3477.5000
13.3200 3475.0000
13.3400 3262.5000
13.3600 3425.0000
13.3800 3347.5000
13.4000 3242.5000
13.4200 3417.5000
13.4400 3475.0000
13.4600 3157.5000
13.4800 3270.0000
13.5000 3527.5000
13.5200 3390.0000
13.5400 3440.0000
13.5600 3312.5000
13.5800 3402.5000
13.6000 3545.0000
13.6200 3372.5000
13.6400 3522.5000
13.6600 3352.5000
13.6800 3350.0000
13.7000 3320.0000
13.7200 3385.0000
13.7400 3337.5000
13.7600 3297.5000
13.7800 3377.5000
13.8000 3220.0000
13.8200 3350.0000
13.8400 3312.5000
13.8600 3362.5000
13.8800 3440.0000
13.9000 3325.0000
13.9200 3380.0000
13.9400 3292.5000
13.9600 3110.0000
13.9800 3247.5000
14.0000 3247.5000
14.0200 3327.5000
14.0400 3202.5000
14.0600 3187.5000
14.0800 3355.0000
14.1000 3242.5000
14.1200 3157.5000
14.1400 3140.0000
14.1600 3100.0000
14.1800 3217.5000
14.2000 3332.5000
14.2200 3167.5000
14.2400 3225.0000
14.2600 3160.0000
14.2800 3240.0000
14.3000 3237.5000
14.3200 3002.5000
14.3400 3142.5000
14.3600 3222.5000
14.3800 3150.0000
14.4000 3265.0000
14.4200 3107.5000
14.4400 3217.5000
14.4600 3287.5000
14.4800 3370.0000
14.5000 3215.0000
14.5200 2992.5000
14.5400 3090.0000
14.5600 3162.5000
14.5800 3142.5000
14.6000 3262.5000
14.6200 3210.0000
14.6400 3247.5000
14.6600 3165.0000
14.6800 3120.0000
14.7000 3132.5000
14.7200 3212.5000
14.7400 3307.5000
14.7600 3040.0000
14.7800 3380.0000
14.8000 3105.0000
14.8200 3227.5000
14.8400 2967.5000
14.8600 3057.5000
14.8800 3072.5000
14.9000 3142.5000
14.9200 3050.0000
14.9400 3102.5000
14.9600 3042.5000
14.9800 3225.0000
15.0000 3257.5000
