#Intensity_unit=cps
#Attenuator_coefficient=1.0000
2.0000 23197.5000
2.0200 23105.0000
2.0400 22765.0000
2.0600 21582.5000
2.0800 21625.0000
2.1000 21517.5000
2.1200 20712.5000
2.1400 20585.0000
2.1600 20377.5000
2.1800 20320.0000
2.2000 19590.0000
2.2200 19190.0000
2.2400 18835.0000
2.2600 18297.5000
2.2800 18252.5000
2.3000 17230.0000
2.3200 17100.0000
2.3400 16517.5000
2.3600 16152.5000
2.3800 15690.0000
2.4000 15797.5000
2.4200 15795.0000
2.4400 16015.0000
2.4600 15505.0000
2.4800 15250.0000
2.5000 14832.5000
2.5200 14695.0000
2.5400 14682.5000
2.5600 15077.5000
2.5800 15117.5000
2.6000 14840.0000
2.6200 14735.0000
2.6400 14682.5000
2.6600 14550.0000
2.6800 14440.0000
2.7000 14042.5000
2.7200 14360.0000
2.7400 14445.0000
2.7600 14182.5000
2.7800 14330.0000
2.8000 14067.5000
2.8200 13915.0000
2.8400 13525.0000
2.8600 13292.5000
2.8800 13025.0000
2.9000 12930.0000
2.9200 12645.0000
2.9400 12805.0000
2.9600 12250.0000
2.9800 12300.0000
3.0000 12037.5000
3.0200 12010.0000
3.0400 11912.5000
3.0600 11577.5000
3.0800 11442.5000
3.1000 11442.5000
3.1200 11367.5000
3.1400 11365.0000
3.1600 11180.0000
3.1800 11160.0000
3.2000 10985.0000
3.2200 10822.5000
3.2400 10800.0000
3.2600 10655.0000
3.2800 10712.5000
3.3000 10547.5000
3.3200 10452.5000
3.3400 10522.5000
3.3600 10472.5000
3.3800 10307.5000
3.4000 9915.0000
3.4200 10397.5000
3.4400 10332.5000
3.4600 9965.0000
3.4800 10117.5000
3.5000 10360.0000
3.5200 9932.5000
3.5400 10185.0000
3.5600 10002.5000
3.5800 10052.5000
3.6000 10200.0000
3.6200 10207.5000
3.6400 10200.0000
3.6600 10205.0000
3.6800 10160.0000
3.7000 9970.0000
3.7200 9955.0000
3.7400 10005.0000
3.7600 9772.5000
3.7800 9587.5000
3.8000 9720.0000
3.8200 9575.0000
3.8400 9615.0000
3.8600 9717.5000
3.8800 9877.5000
3.9000 9172.5000
3.9200 9687.5000
3.9400 9385.0000
3.9600 9265.0000
3.9800 9205.0000
4.0000 9427.5000
4.0200 9467.5000
4.0400 9457.5000
4.0600 9417.5000
4.0800 9495.0000
4.1000 9070.0000
4.1200 9070.0000
4.1400 9095.0000
4.1600 9107.5000
4.1800 8945.0000
4.2000 9322.5000
4.2200 8902.5000
4.2400 8862.5000
4.2600 9022.5000
4.2800 9260.0000
4.3000 8892.5000
4.3200 8697.5000
4.3400 8700.0000
4.3600 8520.0000
4.3800 8675.0000
4.4000 8670.0000
4.4200 8540.0000
4.4400 8632.5000
4.4600 8875.0000
4.4800 8550.0000
4.5000 8707.5000
4.5200 8587.5000
4.5400 8455.0000
4.5600 8382.5000
4.5800 8845.0000
4.6000 8280.0000
4.6200 8407.5000
4.6400 8032.5000
4.6600 8540.0000
4.6800 8332.5000
4.7000 8352.5000
4.7200 8385.0000
4.7400 8227.5000
4.7600 8150.0000
4.7800 8295.0000
4.8000 8132.5000
4.8200 8355.0000
4.8400 8097.5000
4.8600 8097.5000
4.8800 8205.0000
4.9000 8242.5000
4.9200 7857.5000
4.9400 7910.0000
4.9600 8102.5000
4.9800 8100.0000
5.0000 8032.5000
5.0200 7852.5000
5.0400 7800.0000
5.0600 7995.0000
5.0800 7967.5000
5.1000 7565.0000
5.1200 7885.0000
5.1400 7552.5000
5.1600 7810.0000
5.1800 7652.5000
5.2000 7740.0000
5.2200 7697.5000
5.2400 7692.5000
5.2600 7827.5000
5.2800 7970.0000
5.3000 7807.5000
5.3200 7732.5000
5.3400 7585.0000
5.3600 7452.5000
5.3800 7487.5000
5.4000 7402.5000
5.4200 7790.0000
5.4400 7530.0000
5.4600 7555.0000
5.4800 7390.0000
5.5000 7627.5000
5.5200 7625.0000
5.5400 7525.0000
5.5600 7260.0000
5.5800 7447.5000
5.6000 7320.0000
5.6200 7547.5000
5.6400 7192.5000
5.6600 7462.5000
5.6800 7557.5000
5.7000 7345.0000
5.7200 7430.0000
5.7400 7175.0000
5.7600 7450.0000
5.7800 6987.5000
5.8000 7205.0000
5.8200 7295.0000
5.8400 7007.5000
5.8600 7397.5000
5.8800 7377.5000
5.9000 7405.0000
5.9200 7067.5000
5.9400 7072.5000
5.9600 7317.5000
5.9800 7225.0000
6.0000 7227.5000
6.0200 7320.0000
6.0400 7212.5000
6.0600 7067.5000
6.0800 7130.0000
6.1000 7070.0000
6.1200 7067.5000
6.1400 7235.0000
6.1600 6930.0000
6.1800 7242.5000
6.2000 7322.5000
6.2200 7345.0000
6.2400 7075.0000
6.2600 7322.5000
6.2800 6992.5000
6.3000 7057.5000
6.3200 6847.5000
6.3400 6797.5000
6.3600 7072.5000
6.3800 6652.5000
6.4000 6770.0000
6.4200 6790.0000
6.4400 6725.0000
6.4600 6772.5000
6.4800 6457.5000
6.5000 6757.5000
6.5200 6402.5000
6.5400 6480.0000
6.5600 6620.0000
6.5800 6462.5000
6.6000 6417.5000
6.6200 6562.5000
6.6400 6275.0000
6.6600 6310.0000
6.6800 6210.0000
6.7000 6467.5000
6.7200 6245.0000
6.7400 6605.0000
6.7600 6400.0000
6.7800 6452.5000
6.8000 6105.0000
6.8200 6425.0000
6.8400 6277.5000
6.8600 6337.5000
6.8800 6357.5000
6.9000 6172.5000
6.9200 6202.5000
6.9400 6510.0000
6.9600 6350.0000
6.9800 6377.5000
7.0000 6052.5000
7.0200 6095.0000
7.0400 6272.5000
7.0600 6135.0000
7.0800 6047.5000
7.1000 6397.5000
7.1200 5902.5000
7.1400 6032.5000
7.1600 6127.5000
7.1800 5960.0000
7.2000 6187.5000
7.2200 6145.0000
7.2400 6235.0000
7.2600 6032.5000
7.2800 6042.5000
7.3000 6032.5000
7.3200 6190.0000
7.3400 6082.5000
7.3600 6197.5000
7.3800 6070.0000
7.4000 6120.0000
7.4200 5817.5000
7.4400 6010.0000
7.4600 6147.5000
7.4800 6047.5000
7.5000 6080.0000
7.5200 5985.0000
7.5400 6082.5000
7.5600 6197.5000
7.5800 6180.0000
7.6000 6050.0000
7.6200 5980.0000
7.6400 5950.0000
7.6600 5985.0000
7.6800 6137.5000
7.7000 6265.0000
7.7200 6012.5000
7.7400 6007.5000
7.7600 6152.5000
7.7800 5940.0000
7.8000 5962.5000
7.8200 5960.0000
7.8400 5997.5000
7.8600 6197.5000
7.8800 5880.0000
7.9000 5955.0000
7.9200 6195.0000
7.9400 6247.5000
7.9600 6000.0000
7.9800 6152.5000
8.0000 6232.5000
8.0200 6060.0000
8.0400 6127.5000
8.0600 6265.0000
8.0800 6210.0000
8.1000 6352.5000
8.1200 6127.5000
8.1400 6407.5000
8.1600 6340.0000
8.1800 6140.0000
8.2000 6342.5000
8.2200 6167.5000
8.2400 6305.0000
8.2600 6397.5000
8.2800 6485.0000
8.3000 6575.0000
8.3200 6310.0000
8.3400 6547.5000
8.3600 6610.0000
8.3800 6720.0000
8.4000 6415.0000
8.4200 6617.5000
8.4400 6907.5000
8.4600 6552.5000
8.4800 6667.5000
8.5000 6932.5000
8.5200 7047.5000
8.5400 7195.0000
8.5600 7267.5000
8.5800 7107.5000
8.6000 7520.0000
8.6200 7337.5000
8.6400 7405.0000
8.6600 7667.5000
8.6800 7872.5000
8.7000 8227.5000
8.7200 8422.5000
8.7400 8680.0000
8.7600 9157.5000
8.7800 9340.0000
8.8000 10260.0000
8.8200 10617.5000
8.8400 10612.5000
8.8600 10732.5000
8.8800 10160.0000
8.9000 9415.0000
8.9200 8895.0000
8.9400 8282.5000
8.9600 7960.0000
8.9800 7902.5000
9.0000 7370.0000
9.0200 7255.0000
9.0400 6950.0000
9.0600 6827.5000
9.0800 6795.0000
9.1000 6467.5000
9.1200 6667.5000
9.1400 6485.0000
9.1600 6105.0000
9.1800 6082.5000
9.2000 6107.5000
9.2200 6050.0000
9.2400 5912.5000
9.2600 5922.5000
9.2800 5720.0000
9.3000 5742.5000
9.3200 5525.0000
9.3400 5437.5000
9.3600 5485.0000
9.3800 5467.5000
9.4000 5120.0000
9.4200 5380.0000
9.4400 5257.5000
9.4600 5310.0000
9.4800 5265.0000
9.5000 5070.0000
9.5200 5272.5000
9.5400 5102.5000
9.5600 4980.0000
9.5800 5067.5000
9.6000 4747.5000
9.6200 4762.5000
9.6400 4895.0000
9.6600 4757.5000
9.6800 4632.5000
9.7000 4640.0000
9.7200 4552.5000
9.7400 4837.5000
9.7600 4492.5000
9.7800 4717.5000
9.8000 4645.0000
9.8200 4750.0000
9.8400 4795.0000
9.8600 4702.5000
9.8800 4495.0000
9.9000 4495.0000
9.9200 4520.0000
9.9400 4717.5000
9.9600 4235.0000
9.9800 4500.0000
10.0000 4275.0000
10.0200 4152.5000
10.0400 4345.0000
10.0600 4327.5000
10.0800 4237.5000
10.1000 4217.5000
10.1200 4170.0000
10.1400 4142.5000
10.1600 4182.5000
10.1800 4285.0000
10.2000 4150.0000
10.2200 4202.5000
10.2400 4147.5000
10.2600 4082.5000
10.2800 4115.0000
10.3000 4047.5000
10.3200 3950.0000
10.3400 4012.5000
10.3600 4027.5000
10.3800 4197.5000
10.4000 4075.0000
10.4200 4072.5000
10.4400 4037.5000
10.4600 4060.0000
10.4800 4372.5000
10.5000 4150.0000
10.5200 3860.0000
10.5400 3890.0000
10.5600 3942.5000
10.5800 3852.5000
10.6000 4027.5000
10.6200 4037.5000
10.6400 3992.5000
10.6600 3945.0000
10.6800 3895.0000
10.7000 3947.5000
10.7200 3895.0000
10.7400 3962.5000
10.7600 3977.5000
10.7800 4127.5000
10.8000 3880.0000
10.8200 3905.0000
10.8400 3795.0000
10.8600 3850.0000
10.8800 3707.5000
10.9000 3910.0000
10.9200 3855.0000
10.9400 3847.5000
10.9600 3787.5000
10.9800 3830.0000
11.0000 3852.5000
11.0200 4045.0000
11.0400 3992.5000
11.0600 3772.5000
11.0800 3820.0000
11.1000 3850.0000
11.1200 3835.0000
11.1400 3712.5000
11.1600 3752.5000
11.1800 3797.5000
11.2000 3902.5000
11.2200 3655.0000
11.2400 3900.0000
11.2600 3985.0000
11.2800 3885.0000
11.3000 3867.5000
11.3200 3852.5000
11.3400 3700.0000
11.3600 3762.5000
11.3800 3707.5000
11.4000 3660.0000
11.4200 3740.0000
11.4400 3672.5000
11.4600 3642.5000
11.4800 3832.5000
11.5000 3602.5000
11.5200 3720.0000
11.5400 3950.0000
11.5600 3527.5000
11.5800 3842.5000
11.6000 3607.5000
11.6200 3652.5000
11.6400 3825.0000
11.6600 3897.5000
11.6800 3652.5000
11.7000 3650.0000
11.7200 3670.0000
11.7400 3797.5000
11.7600 3617.5000
11.7800 3820.0000
11.8000 3775.0000
11.8200 3605.0000
11.8400 3777.5000
11.8600 3840.0000
11.8800 3832.5000
11.9000 3752.5000
11.9200 3800.0000
11.9400 3700.0000
11.9600 3905.0000
11.9800 4005.0000
12.0000 3790.0000
12.0200 4075.0000
12.0400 3925.0000
12.0600 4260.0000
12.0800 4055.0000
12.1000 4087.5000
12.1200 4372.5000
12.1400 4365.0000
12.1600 4252.5000
12.1800 4565.0000
12.2000 4235.0000
12.2200 4607.5000
12.2400 4657.5000
12.2600 4650.0000
12.2800 4935.0000
12.3000 5165.0000
12.3200 5362.5000
12.3400 5345.0000
12.3600 5427.5000
12.3800 5435.0000
12.4000 5405.0000
12.4200 5282.5000
12.4400 5080.0000
12.4600 4890.0000
12.4800 4907.5000
12.5000 4800.0000
12.5200 4742.5000
12.5400 4347.5000
12.5600 4297.5000
12.5800 4165.0000
12.6000 4027.5000
12.6200 3972.5000
12.6400 3865.0000
12.6600 3842.5000
12.6800 3842.5000
12.7000 3552.5000
12.7200 3592.5000
12.7400 3382.5000
12.7600 3487.5000
12.7800 3577.5000
12.8000 3445.0000
12.8200 3467.5000
12.8400 3547.5000
12.8600 3457.5000
12.8800 3417.5000
12.9000 3470.0000
12.9200 3387.5000
12.9400 3267.5000
12.9600 3455.0000
12.9800 3335.0000
13.0000 3372.5000
13.0200 3385.0000
13.0400 3272.5000
13.0600 3307.5000
13.0800 3287.5000
13.1000 3442.5000
13.1200 3145.0000
13.1400 3332.5000
13.1600 3482.5000
13.1800 3337.5000
13.2000 3225.0000
13.2200 3355.0000
13.2400 3190.0000
13.2600 3297.5000
13.2800 3252.5000
13.3000 3297.5000
13.3200 3107.5000
13.3400 3190.0000
13.3600 3282.5000
13.3800 3252.5000
13.4000 3117.5000
13.4200 3115.0000
13.4400 3140.0000
13.4600 3147.5000
13.4800 3132.5000
13.5000 3142.5000
13.5200 3142.5000
13.5400 3110.0000
13.5600 3092.5000
13.5800 2940.0000
13.6000 3095.0000
13.6200 3237.5000
13.6400 3260.0000
13.6600 3190.0000
13.6800 3222.5000
13.7000 3042.5000
13.7200 3155.0000
13.7400 3042.5000
13.7600 3087.5000
13.7800 3142.5000
13.8000 3322.5000
13.8200 3322.5000
13.8400 3135.0000
13.8600 3212.5000
13.8800 3150.0000
13.9000 3125.0000
13.9200 3297.5000
13.9400 3027.5000
13.9600 3160.0000
13.9800 3005.0000
14.0000 2932.5000
14.0200 3130.0000
14.0400 2957.5000
14.0600 3100.0000
14.0800 3200.0000
14.1000 3032.5000
14.1200 3070.0000
14.1400 3037.5000
14.1600 2920.0000
14.1800 3050.0000
14.2000 2972.5000
14.2200 3050.0000
14.2400 2980.0000
14.2600 3187.5000
14.2800 2902.5000
14.3000 3072.5000
14.3200 3037.5000
14.3400 2955.0000
14.3600 3165.0000
14.3800 2935.0000
14.4000 2910.0000
14.4200 2932.5000
14.4400 2995.0000
14.4600 3100.0000
14.4800 2932.5000
14.5000 3002.5000
14.5200 2915.0000
14.5400 3002.5000
14.5600 3090.0000
14.5800 3072.5000
14.6000 3042.5000
14.6200 3012.5000
14.6400 3042.5000
14.6600 3017.5000
14.6800 2987.5000
14.7000 3047.5000
14.7200 2965.0000
14.7400 2895.0000
14.7600 3070.0000
14.7800 3105.0000
14.8000 2972.5000
14.8200 2920.0000
14.8400 2915.0000
14.8600 3002.5000
14.8800 2825.0000
14.9000 2895.0000
14.9200 2947.5000
14.9400 2937.5000
14.9600 2995.0000
14.9800 3172.5000
15.0000 3055.0000
