#Intensity_unit=cps
#Attenuator_coefficient=1.0000
2.0000 26160.0000
2.0200 26506.6666
2.0400 26456.6666
2.0600 26050.0000
2.0800 25703.3334
2.1000 25003.3334
2.1200 24976.6666
2.1400 24260.0000
2.1600 23753.3334
2.1800 23856.6666
2.2000 23506.6666
2.2200 23366.6666
2.2400 22166.6666
2.2600 22136.6666
2.2800 21640.0000
2.3000 21156.6666
2.3200 20903.3334
2.3400 20360.0000
2.3600 20156.6666
2.3800 20040.0000
2.4000 19810.0000
2.4200 19800.0000
2.4400 19890.0000
2.4600 19083.3334
2.4800 19820.0000
2.5000 19160.0000
2.5200 19146.6666
2.5400 18876.6666
2.5600 18603.3334
2.5800 18733.3334
2.6000 18736.6666
2.6200 19166.6666
2.6400 18996.6666
2.6600 19423.3334
2.6800 19090.0000
2.7000 18883.3334
2.7200 18870.0000
2.7400 18406.6666
2.7600 18770.0000
2.7800 18553.3334
2.8000 18876.6666
2.8200 18430.0000
2.8400 17796.6666
2.8600 17856.6666
2.8800 18103.3334
2.9000 17863.3334
2.9200 17420.0000
2.9400 17316.6666
2.9600 17270.0000
2.9800 16863.3334
3.0000 17386.6666
3.0200 16473.3334
3.0400 16330.0000
3.0600 16783.3334
3.0800 16620.0000
3.1000 16963.3334
3.1200 15973.3334
3.1400 15806.6666
3.1600 15880.0000
3.1800 15783.3334
3.2000 15660.0000
3.2200 15470.0000
3.2400 15406.6666
3.2600 15220.0000
3.2800 15173.3334
3.3000 14896.6666
3.3200 14843.3334
3.3400 14890.0000
3.3600 14446.6666
3.3800 14640.0000
3.4000 14326.6666
3.4200 14490.0000
3.4400 14400.0000
3.4600 14386.6666
3.4800 14430.0000
3.5000 13973.3334
3.5200 14116.6666
3.5400 13860.0000
3.5600 14216.6666
3.5800 14036.6666
3.6000 13763.3334
3.6200 13963.3334
3.6400 14266.6666
3.6600 14016.6666
3.6800 13946.6666
3.7000 14226.6666
3.7200 14166.6666
3.7400 13840.0000
3.7600 13506.6666
3.7800 13936.6666
3.8000 13680.0000
3.8200 13506.6666
3.8400 13450.0000
3.8600 13406.6666
3.8800 13430.0000
3.9000 13433.3334
3.9200 13660.0000
3.9400 13616.6666
3.9600 13120.0000
3.9800 13603.3334
4.0000 13553.3334
4.0200 13233.3334
4.0400 13276.6666
4.0600 13000.0000
4.0800 12363.3334
4.1000 12843.3334
4.1200 12816.6666
4.1400 12910.0000
4.1600 13290.0000
4.1800 12803.3334
4.2000 12930.0000
4.2200 12733.3334
4.2400 12810.0000
4.2600 12680.0000
4.2800 12916.6666
4.3000 12566.6666
4.3200 12656.6666
4.3400 12536.6666
4.3600 12440.0000
4.3800 12686.6666
4.4000 12540.0000
4.4200 12246.6666
4.4400 12483.3334
4.4600 12580.0000
4.4800 12633.3334
4.5000 12646.6666
4.5200 12553.3334
4.5400 12540.0000
4.5600 12406.6666
4.5800 12000.0000
4.6000 12446.6666
4.6200 12403.3334
4.6400 12446.6666
4.6600 12000.0000
4.6800 12436.6666
4.7000 12486.6666
4.7200 12396.6666
4.7400 12283.3334
4.7600 11886.6666
4.7800 11900.0000
4.8000 12073.3334
4.8200 12496.6666
4.8400 11886.6666
4.8600 12093.3334
4.8800 11803.3334
4.9000 12030.0000
4.9200 12126.6666
4.9400 12093.3334
4.9600 11743.3334
4.9800 11966.6666
5.0000 11826.6666
5.0200 12040.0000
5.0400 12240.0000
5.0600 11820.0000
5.0800 12000.0000
5.1000 12303.3334
5.1200 12186.6666
5.1400 12193.3334
5.1600 12173.3334
5.1800 11996.6666
5.2000 12103.3334
5.2200 12113.3334
5.2400 11890.0000
5.2600 11943.3334
5.2800 11846.6666
5.3000 12270.0000
5.3200 12016.6666
5.3400 12046.6666
5.3600 12023.3334
5.3800 12370.0000
5.4000 12260.0000
5.4200 12300.0000
5.4400 11956.6666
5.4600 11890.0000
5.4800 11986.6666
5.5000 12440.0000
5.5200 12113.3334
5.5400 12403.3334
5.5600 11913.3334
5.5800 12230.0000
5.6000 12106.6666
5.6200 12110.0000
5.6400 12280.0000
5.6600 12160.0000
5.6800 11816.6666
5.7000 12476.6666
5.7200 12503.3334
5.7400 12610.0000
5.7600 13016.6666
5.7800 12683.3334
5.8000 12996.6666
5.8200 12740.0000
5.8400 12896.6666
5.8600 12903.3334
5.8800 13303.3334
5.9000 13146.6666
5.9200 13070.0000
5.9400 13303.3334
5.9600 13303.3334
5.9800 13256.6666
6.0000 13870.0000
6.0200 14143.3334
6.0400 14026.6666
6.0600 14173.3334
6.0800 14533.3334
6.1000 14923.3334
6.1200 15330.0000
6.1400 15346.6666
6.1600 15643.3334
6.1800 15766.6666
6.2000 15493.3334
6.2200 15610.0000
6.2400 15666.6666
6.2600 15013.3334
6.2800 14503.3334
6.3000 14010.0000
6.3200 13623.3334
6.3400 13313.3334
6.3600 13006.6666
6.3800 13093.3334
6.4000 12846.6666
6.4200 12780.0000
6.4400 12656.6666
6.4600 12533.3334
6.4800 12453.3334
6.5000 12493.3334
6.5200 12486.6666
6.5400 12423.3334
6.5600 12326.6666
6.5800 12426.6666
6.6000 11973.3334
6.6200 11660.0000
6.6400 11790.0000
6.6600 11836.6666
6.6800 11746.6666
6.7000 11573.3334
6.7200 11490.0000
6.7400 11386.6666
6.7600 11343.3334
6.7800 11256.6666
6.8000 11180.0000
6.8200 11463.3334
6.8400 11313.3334
6.8600 11253.3334
6.8800 11110.0000
6.9000 10916.6666
6.9200 10876.6666
6.9400 10853.3334
6.9600 11086.6666
6.9800 10650.0000
7.0000 10680.0000
7.0200 10683.3334
7.0400 10840.0000
7.0600 10706.6666
7.0800 10590.0000
7.1000 10716.6666
7.1200 10276.6666
7.1400 10603.3334
7.1600 10923.3334
7.1800 10300.0000
7.2000 10320.0000
7.2200 10386.6666
7.2400 10316.6666
7.2600 10306.6666
7.2800 9840.0000
7.3000 9906.6666
7.3200 9876.6666
7.3400 10030.0000
7.3600 9716.6666
7.3800 10040.0000
7.4000 9653.3334
7.4200 10006.6666
7.4400 9983.3334
7.4600 9876.6666
7.4800 9860.0000
7.5000 9966.6666
7.5200 9343.3334
7.5400 9603.3334
7.5600 9886.6666
7.5800 9596.6666
7.6000 9453.3334
7.6200 9406.6666
7.6400 9393.3334
7.6600 9590.0000
7.6800 9616.6666
7.7000 9306.6666
7.7200 9396.6666
7.7400 9433.3334
7.7600 9410.0000
7.7800 9446.6666
7.8000 9423.3334
7.8200 9086.6666
7.8400 9233.3334
7.8600 9463.3334
7.8800 8990.0000
7.9000 9403.3334
7.9200 9023.3334
7.9400 9253.3334
7.9600 9213.3334
7.9800 8896.6666
8.0000 9020.0000
8.0200 9040.0000
8.0400 8926.6666
8.0600 9040.0000
8.0800 8996.6666
8.1000 9243.3334
8.1200 8986.6666
8.1400 9050.0000
8.1600 9166.6666
8.1800 9050.0000
8.2000 8763.3334
8.2200 8953.3334
8.2400 9216.6666
8.2600 9236.6666
8.2800 9006.6666
8.3000 8646.6666
8.3200 8750.0000
8.3400 8940.0000
8.3600 8880.0000
8.3800 9013.3334
8.4000 9210.0000
8.4200 9143.3334
8.4400 8870.0000
8.4600 9223.3334
8.4800 9046.6666
8.5000 9000.0000
8.5200 9323.3334
8.5400 9336.6666
8.5600 9550.0000
8.5800 9236.6666
8.6000 9166.6666
8.6200 9373.3334
8.6400 9723.3334
8.6600 9450.0000
8.6800 10153.3334
8.7000 9863.3334
8.7200 10436.6666
8.7400 10616.6666
8.7600 11213.3334
8.7800 11533.3334
8.8000 12100.0000
8.8200 12423.3334
8.8400 11953.3334
8.8600 11413.3334
8.8800 11026.6666
8.9000 9873.3334
8.9200 9353.3334
8.9400 8496.6666
8.9600 8333.3334
8.9800 7936.6666
9.0000 7690.0000
9.0200 7723.3334
9.0400 7200.0000
9.0600 7166.6666
9.0800 6770.0000
9.1000 6866.6666
9.1200 6596.6666
9.1400 6746.6666
9.1600 6613.3334
9.1800 6373.3334
9.2000 6263.3334
9.2200 6140.0000
9.2400 5830.0000
9.2600 5826.6666
9.2800 5796.6666
9.3000 6260.0000
9.3200 5820.0000
9.3400 5480.0000
9.3600 5810.0000
9.3800 5740.0000
9.4000 5716.6666
9.4200 5693.3334
9.4400 5326.6666
9.4600 5366.6666
9.4800 5430.0000
9.5000 5040.0000
9.5200 5056.6666
9.5400 5290.0000
9.5600 5073.3334
9.5800 5180.0000
9.6000 5156.6666
9.6200 5096.6666
9.6400 4873.3334
9.6600 5006.6666
9.6800 4906.6666
9.7000 4850.0000
9.7200 4736.6666
9.7400 4693.3334
9.7600 4620.0000
9.7800 4806.6666
9.8000 4770.0000
9.8200 4523.3334
9.8400 4773.3334
9.8600 4853.3334
9.8800 4666.6666
9.9000 4370.0000
9.9200 4606.6666
9.9400 4593.3334
9.9600 4360.0000
9.9800 4483.3334
10.0000 4343.3334
10.0200 4353.3334
10.0400 4596.6666
10.0600 4330.0000
10.0800 4463.3334
10.1000 4343.3334
10.1200 4226.6666
10.1400 4120.0000
10.1600 4456.6666
10.1800 4250.0000
10.2000 4126.6666
10.2200 4046.6666
10.2400 4006.6666
10.2600 4143.3334
10.2800 4153.3334
10.3000 4086.6666
10.3200 4176.6666
10.3400 4270.0000
10.3600 4243.3334
10.3800 4100.0000
10.4000 4336.6666
10.4200 4020.0000
10.4400 4063.3334
10.4600 4256.6666
10.4800 4090.0000
10.5000 4166.6666
10.5200 4100.0000
10.5400 4003.3334
10.5600 4213.3334
10.5800 4156.6666
10.6000 3946.6666
10.6200 4006.6666
10.6400 3943.3334
10.6600 3706.6666
10.6800 3983.3334
10.7000 3930.0000
10.7200 4143.3334
10.7400 4066.6666
10.7600 3900.0000
10.7800 4100.0000
10.8000 4033.3334
10.8200 3836.6666
10.8400 4040.0000
10.8600 3926.6666
10.8800 3996.6666
10.9000 3983.3334
10.9200 3960.0000
10.9400 3883.3334
10.9600 3990.0000
10.9800 3906.6666
11.0000 3963.3334
11.0200 3916.6666
11.0400 4006.6666
11.0600 3986.6666
11.0800 4063.3334
11.1000 3743.3334
11.1200 3810.0000
11.1400 3933.3334
11.1600 4020.0000
11.1800 4326.6666
11.2000 4003.3334
11.2200 4000.0000
11.2400 4003.3334
11.2600 3810.0000
11.2800 3863.3334
11.3000 4046.6666
11.3200 3973.3334
11.3400 3953.3334
11.3600 3953.3334
11.3800 4003.3334
11.4000 3926.6666
11.4200 3943.3334
11.4400 3913.3334
11.4600 3943.3334
11.4800 3796.6666
11.5000 3950.0000
11.5200 3743.3334
11.5400 3740.0000
11.5600 4053.3334
11.5800 4020.0000
11.6000 4013.3334
11.6200 4176.6666
11.6400 3973.3334
11.6600 4023.3334
11.6800 3933.3334
11.7000 4290.0000
11.7200 4010.0000
11.7400 4143.3334
11.7600 4316.6666
11.7800 4060.0000
11.8000 4396.6666
11.8200 4296.6666
11.8400 4260.0000
11.8600 4230.0000
11.8800 4556.6666
11.9000 4390.0000
11.9200 4373.3334
11.9400 4393.3334
11.9600 4590.0000
11.9800 4643.3334
12.0000 4766.6666
12.0200 4923.3334
12.0400 4966.6666
12.0600 4956.6666
12.0800 5340.0000
12.1000 5183.3334
12.1200 5123.3334
12.1400 5550.0000
12.1600 5653.3334
12.1800 5873.3334
12.2000 6280.0000
12.2200 6323.3334
12.2400 6643.3334
12.2600 7043.3334
12.2800 7466.6666
12.3000 7460.0000
12.3200 7776.6666
12.3400 8150.0000
12.3600 8726.6666
12.3800 8636.6666
12.4000 8326.6666
12.4200 8760.0000
12.4400 9010.0000
12.4600 9023.3334
12.4800 8866.6666
12.5000 8856.6666
12.5200 7850.0000
12.5400 6943.3334
12.5600 6016.6666
12.5800 5450.0000
12.6000 5050.0000
12.6200 5103.3334
12.6400 4730.0000
12.6600 4493.3334
12.6800 4496.6666
12.7000 4186.6666
12.7200 4146.6666
12.7400 3920.0000
12.7600 4093.3334
12.7800 4160.0000
12.8000 3996.6666
12.8200 3756.6666
12.8400 3803.3334
12.8600 3516.6666
12.8800 3750.0000
12.9000 3513.3334
12.9200 3576.6666
12.9400 3536.6666
12.9600 3613.3334
12.9800 3523.3334
13.0000 3566.6666
13.0200 3623.3334
13.0400 3473.3334
13.0600 3320.0000
13.0800 3513.3334
13.1000 3553.3334
13.1200 3410.0000
13.1400 3453.3334
13.1600 3480.0000
13.1800 3336.6666
13.2000 3340.0000
13.2200 3356.6666
13.2400 3353.3334
13.2600 3150.0000
13.2800 3363.3334
13.3000 3270.0000
13.3200 3300.0000
13.3400 3263.3334
13.3600 3273.3334
13.3800 3333.3334
13.4000 3313.3334
13.4200 3223.3334
13.4400 3266.6666
13.4600 3290.0000
13.4800 3400.0000
13.5000 3396.6666
13.5200 3160.0000
13.5400 3423.3334
13.5600 3160.0000
13.5800 3150.0000
13.6000 3080.0000
13.6200 3046.6666
13.6400 3206.6666
13.6600 3173.3334
13.6800 3210.0000
13.7000 3370.0000
13.7200 3220.0000
13.7400 3073.3334
13.7600 2990.0000
13.7800 3376.6666
13.8000 3190.0000
13.8200 3096.6666
13.8400 3366.6666
13.8600 3266.6666
13.8800 3246.6666
13.9000 3210.0000
13.9200 3210.0000
13.9400 3013.3334
13.9600 3156.6666
13.9800 3063.3334
14.0000 3116.6666
14.0200 3160.0000
14.0400 3006.6666
14.0600 3260.0000
14.0800 2970.0000
14.1000 3056.6666
14.1200 3160.0000
14.1400 3273.3334
14.1600 3050.0000
14.1800 3040.0000
14.2000 3146.6666
14.2200 3040.0000
14.2400 3153.3334
14.2600 3010.0000
14.2800 2960.0000
14.3000 3060.0000
14.3200 3166.6666
14.3400 3110.0000
14.3600 3040.0000
14.3800 3226.6666
14.4000 3036.6666
14.4200 2963.3334
14.4400 3123.3334
14.4600 2993.3334
14.4800 2916.6666
14.5000 2956.6666
14.5200 2906.6666
14.5400 2970.0000
14.5600 2960.0000
14.5800 2873.3334
14.6000 3110.0000
14.6200 3136.6666
14.6400 2880.0000
14.6600 3016.6666
14.6800 2903.3334
14.7000 2990.0000
14.7200 2986.6666
14.7400 3130.0000
14.7600 3083.3334
14.7800 3043.3334
14.8000 3056.6666
14.8200 2950.0000
14.8400 2986.6666
14.8600 2933.3334
14.8800 3036.6666
14.9000 3023.3334
14.9200 3086.6666
14.9400 3063.3334
14.9600 2796.6666
14.9800 2990.0000
15.0000 2970.0000
15.0200 3050.0000
15.0400 2880.0000
15.0600 3160.0000
15.0800 3176.6666
15.1000 3040.0000
15.1200 2940.0000
15.1400 2980.0000
15.1600 2993.3334
15.1800 2933.3334
15.2000 2993.3334
15.2200 3013.3334
15.2400 2950.0000
15.2600 2900.0000
15.2800 3000.0000
15.3000 2936.6666
15.3200 2890.0000
15.3400 3043.3334
15.3600 2926.6666
15.3800 3086.6666
15.4000 2866.6666
15.4200 2960.0000
15.4400 2856.6666
15.4600 2846.6666
15.4800 2910.0000
15.5000 2806.6666
15.5200 3086.6666
15.5400 2996.6666
15.5600 3120.0000
15.5800 3040.0000
15.6000 3100.0000
15.6200 2820.0000
15.6400 2820.0000
15.6600 2863.3334
15.6800 2816.6666
15.7000 2900.0000
15.7200 3053.3334
15.7400 3103.3334
15.7600 2886.6666
15.7800 2823.3334
15.8000 2966.6666
15.8200 2806.6666
15.8400 3036.6666
15.8600 2770.0000
15.8800 3076.6666
15.9000 2993.3334
15.9200 2893.3334
15.9400 2896.6666
15.9600 2826.6666
15.9800 3033.3334
16.0000 2986.6666
16.0200 3053.3334
16.0400 2896.6666
16.0600 2986.6666
16.0800 3006.6666
16.1000 2830.0000
16.1200 2920.0000
16.1400 2900.0000
16.1600 2886.6666
16.1800 2830.0000
16.2000 2936.6666
16.2200 2870.0000
16.2400 2903.3334
16.2600 2826.6666
16.2800 2946.6666
16.3000 2986.6666
16.3200 3013.3334
16.3400 3076.6666
16.3600 2990.0000
16.3800 2846.6666
16.4000 3070.0000
16.4200 2926.6666
16.4400 2896.6666
16.4600 2850.0000
16.4800 3040.0000
16.5000 3006.6666
16.5200 2960.0000
16.5400 2863.3334
16.5600 2976.6666
16.5800 3033.3334
16.6000 2973.3334
16.6200 2823.3334
16.6400 2883.3334
16.6600 3043.3334
16.6800 3050.0000
16.7000 3030.0000
16.7200 3013.3334
16.7400 3133.3334
16.7600 3133.3334
16.7800 2943.3334
16.8000 2856.6666
16.8200 2933.3334
16.8400 3083.3334
16.8600 2903.3334
16.8800 2960.0000
16.9000 3106.6666
16.9200 3120.0000
16.9400 3186.6666
16.9600 2990.0000
16.9800 3026.6666
17.0000 3073.3334
17.0200 3226.6666
17.0400 3066.6666
17.0600 3300.0000
17.0800 3126.6666
17.1000 3173.3334
17.1200 3360.0000
17.1400 3293.3334
17.1600 3380.0000
17.1800 3210.0000
17.2000 3140.0000
17.2200 3173.3334
17.2400 3223.3334
17.2600 3343.3334
17.2800 3120.0000
17.3000 3163.3334
17.3200 3230.0000
17.3400 3323.3334
17.3600 3250.0000
17.3800 3406.6666
17.4000 3090.0000
17.4200 3420.0000
17.4400 3466.6666
17.4600 3393.3334
17.4800 3500.0000
17.5000 3540.0000
17.5200 3813.3334
17.5400 3510.0000
17.5600 3560.0000
17.5800 3660.0000
17.6000 3766.6666
17.6200 3920.0000
17.6400 3910.0000
17.6600 4296.6666
17.6800 4526.6666
17.7000 4590.0000
17.7200 4646.6666
17.7400 4806.6666
17.7600 5233.3334
17.7800 5210.0000
17.8000 4716.6666
17.8200 4786.6666
17.8400 4686.6666
17.8600 4306.6666
17.8800 4386.6666
17.9000 4063.3334
17.9200 4040.0000
17.9400 4060.0000
17.9600 3840.0000
17.9800 3873.3334
18.0000 3770.0000
18.0200 3620.0000
18.0400 3576.6666
18.0600 3826.6666
18.0800 3606.6666
18.1000 3716.6666
18.1200 3693.3334
18.1400 3533.3334
18.1600 3603.3334
18.1800 3626.6666
18.2000 3603.3334
18.2200 3640.0000
18.2400 3613.3334
18.2600 3710.0000
18.2800 3576.6666
18.3000 3616.6666
18.3200 3546.6666
18.3400 3603.3334
18.3600 3510.0000
18.3800 3373.3334
18.4000 3606.6666
18.4200 3686.6666
18.4400 3713.3334
18.4600 3630.0000
18.4800 3673.3334
18.5000 3710.0000
18.5200 3670.0000
18.5400 3706.6666
18.5600 3926.6666
18.5800 3926.6666
18.6000 3806.6666
18.6200 4040.0000
18.6400 3850.0000
18.6600 4006.6666
18.6800 4020.0000
18.7000 3910.0000
18.7200 3976.6666
18.7400 4263.3334
18.7600 4130.0000
18.7800 4260.0000
18.8000 4170.0000
18.8200 3843.3334
18.8400 3726.6666
18.8600 3463.3334
18.8800 3306.6666
18.9000 3273.3334
18.9200 3240.0000
18.9400 3243.3334
18.9600 3143.3334
18.9800 3180.0000
19.0000 3103.3334
19.0200 2870.0000
19.0400 2830.0000
19.0600 2920.0000
19.0800 3086.6666
19.1000 3116.6666
19.1200 2946.6666
19.1400 3163.3334
19.1600 3010.0000
19.1800 2936.6666
19.2000 3040.0000
19.2200 3046.6666
19.2400 3093.3334
19.2600 3076.6666
19.2800 3026.6666
19.3000 3266.6666
19.3200 3190.0000
19.3400 3126.6666
19.3600 3040.0000
19.3800 3023.3334
19.4000 3126.6666
19.4200 2950.0000
19.4400 3016.6666
19.4600 3130.0000
19.4800 3266.6666
19.5000 3120.0000
19.5200 3396.6666
19.5400 3476.6666
19.5600 3226.6666
19.5800 3356.6666
19.6000 3396.6666
19.6200 3660.0000
19.6400 3650.0000
19.6600 3640.0000
19.6800 3823.3334
19.7000 4010.0000
19.7200 3920.0000
19.7400 3986.6666
19.7600 4080.0000
19.7800 3983.3334
19.8000 4113.3334
19.8200 3926.6666
19.8400 3986.6666
19.8600 4070.0000
19.8800 4033.3334
19.9000 4073.3334
19.9200 3853.3334
19.9400 3743.3334
19.9600 3740.0000
19.9800 3586.6666
20.0000 3693.3334
20.0200 3553.3334
20.0400 3510.0000
20.0600 3616.6666
20.0800 3590.0000
20.1000 3510.0000
20.1200 3386.6666
20.1400 3383.3334
20.1600 3493.3334
20.1800 3353.3334
20.2000 3173.3334
20.2200 3336.6666
20.2400 3336.6666
20.2600 3273.3334
20.2800 3273.3334
20.3000 3300.0000
20.3200 3343.3334
20.3400 3403.3334
20.3600 3240.0000
20.3800 3153.3334
20.4000 3330.0000
20.4200 3423.3334
20.4400 3256.6666
20.4600 3053.3334
20.4800 3246.6666
20.5000 3216.6666
20.5200 3280.0000
20.5400 3410.0000
20.5600 3070.0000
20.5800 3146.6666
20.6000 3323.3334
20.6200 3213.3334
20.6400 3416.6666
20.6600 3336.6666
20.6800 3266.6666
20.7000 3303.3334
20.7200 3356.6666
20.7400 3343.3334
20.7600 3683.3334
20.7800 3850.0000
20.8000 4393.3334
20.8200 5330.0000
20.8400 6323.3334
20.8600 5803.3334
20.8800 5233.3334
20.9000 4930.0000
20.9200 4303.3334
20.9400 3810.0000
20.9600 3520.0000
20.9800 3473.3334
21.0000 3453.3334
21.0200 3420.0000
21.0400 3380.0000
21.0600 3350.0000
21.0800 3036.6666
21.1000 3226.6666
21.1200 3320.0000
21.1400 3206.6666
21.1600 3110.0000
21.1800 3053.3334
21.2000 3360.0000
21.2200 3193.3334
21.2400 3176.6666
21.2600 3373.3334
21.2800 3086.6666
21.3000 3150.0000
21.3200 3196.6666
21.3400 3216.6666
21.3600 3200.0000
21.3800 3133.3334
21.4000 3213.3334
21.4200 3050.0000
21.4400 3080.0000
21.4600 3076.6666
21.4800 2960.0000
21.5000 3123.3334
21.5200 3120.0000
21.5400 2890.0000
21.5600 2993.3334
21.5800 2960.0000
21.6000 3026.6666
21.6200 3153.3334
21.6400 2813.3334
21.6600 2933.3334
21.6800 2773.3334
21.7000 3033.3334
21.7200 2966.6666
21.7400 3050.0000
21.7600 2560.0000
21.7800 2853.3334
21.8000 3040.0000
21.8200 2993.3334
21.8400 2963.3334
21.8600 2780.0000
21.8800 2930.0000
21.9000 3003.3334
21.9200 3060.0000
21.9400 2983.3334
21.9600 2923.3334
21.9800 3003.3334
22.0000 2980.0000
22.0200 3236.6666
22.0400 3100.0000
22.0600 2980.0000
22.0800 3140.0000
22.1000 3160.0000
22.1200 3056.6666
22.1400 2876.6666
22.1600 2993.3334
22.1800 2933.3334
22.2000 2873.3334
22.2200 2850.0000
22.2400 2873.3334
22.2600 2853.3334
22.2800 2860.0000
22.3000 2993.3334
22.3200 2933.3334
22.3400 2993.3334
22.3600 3010.0000
22.3800 3060.0000
22.4000 2776.6666
22.4200 2966.6666
22.4400 2946.6666
22.4600 2943.3334
22.4800 2970.0000
22.5000 3016.6666
22.5200 3010.0000
22.5400 2976.6666
22.5600 2883.3334
22.5800 2890.0000
22.6000 2926.6666
22.6200 2903.3334
22.6400 3056.6666
22.6600 2780.0000
22.6800 2836.6666
22.7000 2896.6666
22.7200 2726.6666
22.7400 2940.0000
22.7600 2973.3334
22.7800 3106.6666
22.8000 2873.3334
22.8200 3093.3334
22.8400 3030.0000
22.8600 3103.3334
22.8800 3066.6666
22.9000 3060.0000
22.9200 3000.0000
22.9400 2963.3334
22.9600 2870.0000
22.9800 2940.0000
23.0000 2970.0000
23.0200 2906.6666
23.0400 2856.6666
23.0600 2983.3334
23.0800 2903.3334
23.1000 2913.3334
23.1200 2930.0000
23.1400 2853.3334
23.1600 3056.6666
23.1800 2926.6666
23.2000 2893.3334
23.2200 3003.3334
23.2400 2836.6666
23.2600 2950.0000
23.2800 2900.0000
23.3000 2893.3334
23.3200 3286.6666
23.3400 3230.0000
23.3600 2920.0000
23.3800 3070.0000
23.4000 3206.6666
23.4200 3056.6666
23.4400 3110.0000
23.4600 3093.3334
23.4800 3186.6666
23.5000 3013.3334
23.5200 3270.0000
23.5400 3343.3334
23.5600 3220.0000
23.5800 3293.3334
23.6000 3386.6666
23.6200 3113.3334
23.6400 3180.0000
23.6600 3293.3334
23.6800 3143.3334
23.7000 3200.0000
23.7200 3266.6666
23.7400 3353.3334
23.7600 3136.6666
23.7800 3186.6666
23.8000 3186.6666
23.8200 3056.6666
23.8400 3073.3334
23.8600 3230.0000
23.8800 3246.6666
23.9000 3163.3334
23.9200 2993.3334
23.9400 3010.0000
23.9600 3290.0000
23.9800 3393.3334
24.0000 3270.0000
24.0200 3273.3334
24.0400 3430.0000
24.0600 3343.3334
24.0800 3263.3334
24.1000 3170.0000
24.1200 3326.6666
24.1400 3406.6666
24.1600 3453.3334
24.1800 3543.3334
24.2000 3546.6666
24.2200 3506.6666
24.2400 3500.0000
24.2600 3630.0000
24.2800 3566.6666
24.3000 3480.0000
24.3200 3590.0000
24.3400 3643.3334
24.3600 3540.0000
24.3800 3693.3334
24.4000 3580.0000
24.4200 3690.0000
24.4400 3426.6666
24.4600 3570.0000
24.4800 3680.0000
24.5000 3663.3334
24.5200 3750.0000
24.5400 3613.3334
24.5600 3780.0000
24.5800 4006.6666
24.6000 4106.6666
24.6200 4030.0000
24.6400 4340.0000
24.6600 4186.6666
24.6800 4223.3334
24.7000 4266.6666
24.7200 4556.6666
24.7400 4506.6666
24.7600 4950.0000
24.7800 5053.3334
24.8000 5266.6666
24.8200 5460.0000
24.8400 5710.0000
24.8600 5870.0000
24.8800 6236.6666
24.9000 6013.3334
24.9200 6130.0000
24.9400 6106.6666
24.9600 6036.6666
24.9800 6130.0000
25.0000 5856.6666
25.0200 5796.6666
25.0400 5716.6666
25.0600 5973.3334
25.0800 6033.3334
25.1000 6206.6666
25.1200 6110.0000
25.1400 6216.6666
25.1600 5953.3334
25.1800 6073.3334
25.2000 5883.3334
25.2200 5533.3334
25.2400 5406.6666
25.2600 5113.3334
25.2800 5120.0000
25.3000 4926.6666
25.3200 4950.0000
25.3400 4973.3334
25.3600 4820.0000
25.3800 4740.0000
25.4000 4440.0000
25.4200 4360.0000
25.4400 4430.0000
25.4600 4360.0000
25.4800 4260.0000
25.5000 4446.6666
25.5200 4363.3334
25.5400 4383.3334
25.5600 4210.0000
25.5800 4333.3334
25.6000 4246.6666
25.6200 4486.6666
25.6400 4246.6666
25.6600 4280.0000
25.6800 4210.0000
25.7000 4286.6666
25.7200 4223.3334
25.7400 4286.6666
25.7600 4253.3334
25.7800 4126.6666
25.8000 4033.3334
25.8200 4246.6666
25.8400 4023.3334
25.8600 4163.3334
25.8800 4186.6666
25.9000 4136.6666
25.9200 4290.0000
25.9400 4140.0000
25.9600 4043.3334
25.9800 4246.6666
26.0000 4250.0000
26.0200 4276.6666
26.0400 4056.6666
26.0600 4270.0000
26.0800 4280.0000
26.1000 4083.3334
26.1200 4426.6666
26.1400 4540.0000
26.1600 4250.0000
26.1800 4350.0000
26.2000 4473.3334
26.2200 4363.3334
26.2400 4383.3334
26.2600 4513.3334
26.2800 4500.0000
26.3000 4453.3334
26.3200 4766.6666
26.3400 4810.0000
26.3600 4723.3334
26.3800 5016.6666
26.4000 5206.6666
26.4200 5190.0000
26.4400 5456.6666
26.4600 5566.6666
26.4800 5573.3334
26.5000 6070.0000
26.5200 6246.6666
26.5400 7000.0000
26.5600 7863.3334
26.5800 10156.6666
26.6000 14266.6666
26.6200 18980.0000
26.6400 18353.3334
26.6600 13823.3334
26.6800 14276.6666
26.7000 14170.0000
26.7200 11383.3334
26.7400 9003.3334
26.7600 8456.6666
26.7800 8403.3334
26.8000 7946.6666
26.8200 7783.3334
26.8400 7160.0000
26.8600 6810.0000
26.8800 6280.0000
26.9000 5803.3334
26.9200 5636.6666
26.9400 5486.6666
26.9600 5243.3334
26.9800 5086.6666
27.0000 4883.3334
27.0200 4886.6666
27.0400 4716.6666
27.0600 4546.6666
27.0800 4466.6666
27.1000 4690.0000
27.1200 4523.3334
27.1400 4450.0000
27.1600 4406.6666
27.1800 4466.6666
27.2000 4363.3334
27.2200 4426.6666
27.2400 4146.6666
27.2600 4163.3334
27.2800 4146.6666
27.3000 4303.3334
27.3200 4316.6666
27.3400 4236.6666
27.3600 4230.0000
27.3800 4320.0000
27.4000 4656.6666
27.4200 4680.0000
27.4400 4736.6666
27.4600 4483.3334
27.4800 4330.0000
27.5000 4423.3334
27.5200 4573.3334
27.5400 4470.0000
27.5600 4353.3334
27.5800 4370.0000
27.6000 4260.0000
27.6200 4146.6666
27.6400 4083.3334
27.6600 4176.6666
27.6800 4083.3334
27.7000 4263.3334
27.7200 4283.3334
27.7400 4163.3334
27.7600 4146.6666
27.7800 4113.3334
27.8000 4050.0000
27.8200 4153.3334
27.8400 4306.6666
27.8600 4116.6666
27.8800 4536.6666
27.9000 4586.6666
27.9200 4536.6666
27.9400 4686.6666
27.9600 4776.6666
27.9800 4636.6666
28.0000 4193.3334
28.0200 3970.0000
28.0400 3996.6666
28.0600 3916.6666
28.0800 3843.3334
28.1000 3623.3334
28.1200 3686.6666
28.1400 3630.0000
28.1600 3746.6666
28.1800 3646.6666
28.2000 3620.0000
28.2200 3650.0000
28.2400 3593.3334
28.2600 3486.6666
28.2800 3423.3334
28.3000 3620.0000
28.3200 3503.3334
28.3400 3543.3334
28.3600 3446.6666
28.3800 3466.6666
28.4000 3463.3334
28.4200 3436.6666
28.4400 3430.0000
28.4600 3286.6666
28.4800 3440.0000
28.5000 3456.6666
28.5200 3260.0000
28.5400 3446.6666
28.5600 3396.6666
28.5800 3396.6666
28.6000 3443.3334
28.6200 3276.6666
28.6400 3336.6666
28.6600 3543.3334
28.6800 3196.6666
28.7000 3540.0000
28.7200 3216.6666
28.7400 3280.0000
28.7600 3123.3334
28.7800 3410.0000
28.8000 3293.3334
28.8200 3276.6666
28.8400 3236.6666
28.8600 3276.6666
28.8800 3236.6666
28.9000 3090.0000
28.9200 3316.6666
28.9400 3243.3334
28.9600 3193.3334
28.9800 3143.3334
29.0000 3253.3334
29.0200 3166.6666
29.0400 3113.3334
29.0600 3300.0000
29.0800 3153.3334
29.1000 3130.0000
29.1200 3150.0000
29.1400 3240.0000
29.1600 3193.3334
29.1800 3376.6666
29.2000 3076.6666
29.2200 3346.6666
29.2400 3213.3334
29.2600 3136.6666
29.2800 3250.0000
29.3000 3486.6666
29.3200 3293.3334
29.3400 3316.6666
29.3600 3023.3334
29.3800 3100.0000
29.4000 3133.3334
29.4200 3296.6666
29.4400 3076.6666
29.4600 3286.6666
29.4800 3260.0000
29.5000 3103.3334
29.5200 3186.6666
29.5400 2966.6666
29.5600 3083.3334
29.5800 3216.6666
29.6000 3086.6666
29.6200 3213.3334
29.6400 3190.0000
29.6600 3066.6666
29.6800 3246.6666
29.7000 3340.0000
29.7200 3130.0000
29.7400 3180.0000
29.7600 3453.3334
29.7800 3286.6666
29.8000 3616.6666
29.8200 3586.6666
29.8400 3430.0000
29.8600 3383.3334
29.8800 3480.0000
29.9000 3306.6666
29.9200 3503.3334
29.9400 3303.3334
29.9600 3416.6666
29.9800 3333.3334
30.0000 3196.6666
30.0200 3176.6666
30.0400 3213.3334
30.0600 3230.0000
30.0800 3136.6666
30.1000 3366.6666
30.1200 3180.0000
30.1400 3140.0000
30.1600 3256.6666
30.1800 3160.0000
30.2000 3203.3334
30.2200 3166.6666
30.2400 2986.6666
30.2600 3106.6666
30.2800 3096.6666
30.3000 3070.0000
30.3200 2923.3334
30.3400 2906.6666
30.3600 3033.3334
30.3800 2920.0000
30.4000 3123.3334
30.4200 3133.3334
30.4400 3160.0000
30.4600 3103.3334
30.4800 3026.6666
30.5000 3153.3334
30.5200 3220.0000
30.5400 3050.0000
30.5600 3006.6666
30.5800 3066.6666
30.6000 2980.0000
30.6200 3033.3334
30.6400 2986.6666
30.6600 2923.3334
30.6800 2876.6666
30.7000 3110.0000
30.7200 3083.3334
30.7400 2986.6666
30.7600 3090.0000
30.7800 3013.3334
30.8000 3096.6666
30.8200 3206.6666
30.8400 3180.0000
30.8600 3216.6666
30.8800 3186.6666
30.9000 2993.3334
30.9200 3036.6666
30.9400 2963.3334
30.9600 3093.3334
30.9800 2810.0000
31.0000 2930.0000
31.0200 2886.6666
31.0400 3080.0000
31.0600 3223.3334
31.0800 3030.0000
31.1000 3100.0000
31.1200 3013.3334
31.1400 3306.6666
31.1600 3110.0000
31.1800 2943.3334
31.2000 3180.0000
31.2200 3173.3334
31.2400 3333.3334
31.2600 3276.6666
31.2800 3210.0000
31.3000 3266.6666
31.3200 2986.6666
31.3400 3106.6666
31.3600 3243.3334
31.3800 3203.3334
31.4000 3140.0000
31.4200 3213.3334
31.4400 3136.6666
31.4600 2953.3334
31.4800 3120.0000
31.5000 3063.3334
31.5200 3200.0000
31.5400 3220.0000
31.5600 2990.0000
31.5800 3153.3334
31.6000 3166.6666
31.6200 2833.3334
31.6400 2863.3334
31.6600 2876.6666
31.6800 2830.0000
31.7000 3043.3334
31.7200 2920.0000
31.7400 2823.3334
31.7600 2780.0000
31.7800 2916.6666
31.8000 2866.6666
31.8200 2753.3334
31.8400 2826.6666
31.8600 2836.6666
31.8800 2830.0000
31.9000 2796.6666
31.9200 2730.0000
31.9400 2753.3334
31.9600 2753.3334
31.9800 2926.6666
32.0000 2776.6666
32.0200 2790.0000
32.0400 2673.3334
32.0600 2860.0000
32.0800 2710.0000
32.1000 2800.0000
32.1200 2680.0000
32.1400 2606.6666
32.1600 2786.6666
32.1800 2713.3334
32.2000 2630.0000
32.2200 2666.6666
32.2400 2866.6666
32.2600 2760.0000
32.2800 2896.6666
32.3000 2633.3334
32.3200 2683.3334
32.3400 2620.0000
32.3600 2653.3334
32.3800 2813.3334
32.4000 2530.0000
32.4200 2383.3334
32.4400 2576.6666
32.4600 2606.6666
32.4800 2583.3334
32.5000 2636.6666
32.5200 2776.6666
32.5400 2660.0000
32.5600 2673.3334
32.5800 2590.0000
32.6000 2523.3334
32.6200 2506.6666
32.6400 2360.0000
32.6600 2596.6666
32.6800 2573.3334
32.7000 2533.3334
32.7200 2483.3334
32.7400 2640.0000
32.7600 2593.3334
32.7800 2600.0000
32.8000 2650.0000
32.8200 2673.3334
32.8400 2540.0000
32.8600 2583.3334
32.8800 2570.0000
32.9000 2623.3334
32.9200 2743.3334
32.9400 2606.6666
32.9600 2663.3334
32.9800 2580.0000
33.0000 2770.0000
33.0200 2613.3334
33.0400 2606.6666
33.0600 2710.0000
33.0800 2830.0000
33.1000 2666.6666
33.1200 2760.0000
33.1400 2780.0000
33.1600 2626.6666
33.1800 2800.0000
33.2000 2500.0000
33.2200 2630.0000
33.2400 2713.3334
33.2600 2663.3334
33.2800 2453.3334
33.3000 2526.6666
33.3200 2606.6666
33.3400 2430.0000
33.3600 2670.0000
33.3800 2710.0000
33.4000 2640.0000
33.4200 2576.6666
33.4400 2583.3334
33.4600 2553.3334
33.4800 2513.3334
33.5000 2500.0000
33.5200 2490.0000
33.5400 2596.6666
33.5600 2516.6666
33.5800 2426.6666
33.6000 2543.3334
33.6200 2520.0000
33.6400 2460.0000
33.6600 2473.3334
33.6800 2420.0000
33.7000 2350.0000
33.7200 2473.3334
33.7400 2430.0000
33.7600 2356.6666
33.7800 2436.6666
33.8000 2430.0000
33.8200 2406.6666
33.8400 2433.3334
33.8600 2530.0000
33.8800 2480.0000
33.9000 2543.3334
33.9200 2536.6666
33.9400 2310.0000
33.9600 2266.6666
33.9800 2513.3334
34.0000 2570.0000
