#Intensity_unit=cps
#Attenuator_coefficient=1.0000
2.0000 32247.5000
2.0200 32272.5000
2.0400 31722.5000
2.0600 31252.5000
2.0800 31055.0000
2.1000 30915.0000
2.1200 30180.0000
2.1400 30090.0000
2.1600 29177.5000
2.1800 29250.0000
2.2000 29130.0000
2.2200 28540.0000
2.2400 28390.0000
2.2600 28330.0000
2.2800 27782.5000
2.3000 26940.0000
2.3200 26505.0000
2.3400 26022.5000
2.3600 25652.5000
2.3800 25620.0000
2.4000 25962.5000
2.4200 25902.5000
2.4400 25647.5000
2.4600 25262.5000
2.4800 25285.0000
2.5000 24810.0000
2.5200 24857.5000
2.5400 25160.0000
2.5600 24820.0000
2.5800 25067.5000
2.6000 24487.5000
2.6200 24810.0000
2.6400 25160.0000
2.6600 24920.0000
2.6800 24992.5000
2.7000 25062.5000
2.7200 24937.5000
2.7400 25007.5000
2.7600 24720.0000
2.7800 24355.0000
2.8000 24595.0000
2.8200 23890.0000
2.8400 24510.0000
2.8600 23902.5000
2.8800 23622.5000
2.9000 23202.5000
2.9200 23235.0000
2.9400 22647.5000
2.9600 23137.5000
2.9800 23050.0000
3.0000 22685.0000
3.0200 22492.5000
3.0400 22262.5000
3.0600 22595.0000
3.0800 22137.5000
3.1000 22017.5000
3.1200 22212.5000
3.1400 21607.5000
3.1600 21535.0000
3.1800 21700.0000
3.2000 21805.0000
3.2200 21480.0000
3.2400 21535.0000
3.2600 21505.0000
3.2800 21112.5000
3.3000 21230.0000
3.3200 21612.5000
3.3400 21017.5000
3.3600 20695.0000
3.3800 21150.0000
3.4000 20902.5000
3.4200 21220.0000
3.4400 21115.0000
3.4600 20727.5000
3.4800 20775.0000
3.5000 20935.0000
3.5200 21312.5000
3.5400 21567.5000
3.5600 21495.0000
3.5800 20587.5000
3.6000 20642.5000
3.6200 21040.0000
3.6400 20875.0000
3.6600 20912.5000
3.6800 20840.0000
3.7000 21080.0000
3.7200 21242.5000
3.7400 20340.0000
3.7600 20842.5000
3.7800 20480.0000
3.8000 20512.5000
3.8200 20380.0000
3.8400 20600.0000
3.8600 20780.0000
3.8800 20590.0000
3.9000 20310.0000
3.9200 20662.5000
3.9400 20687.5000
3.9600 20667.5000
3.9800 20577.5000
4.0000 20022.5000
4.0200 20337.5000
4.0400 19690.0000
4.0600 19977.5000
4.0800 20157.5000
4.1000 20100.0000
4.1200 20055.0000
4.1400 19787.5000
4.1600 20165.0000
4.1800 19882.5000
4.2000 20010.0000
4.2200 19680.0000
4.2400 19857.5000
4.2600 19905.0000
4.2800 20160.0000
4.3000 19132.5000
4.3200 19520.0000
4.3400 19552.5000
4.3600 19447.5000
4.3800 19357.5000
4.4000 19390.0000
4.4200 19142.5000
4.4400 19212.5000
4.4600 19002.5000
4.4800 19140.0000
4.5000 19087.5000
4.5200 19290.0000
4.5400 18937.5000
4.5600 19205.0000
4.5800 19072.5000
4.6000 18780.0000
4.6200 18712.5000
4.6400 18887.5000
4.6600 18910.0000
4.6800 19037.5000
4.7000 18517.5000
4.7200 18727.5000
4.7400 18805.0000
4.7600 18725.0000
4.7800 18975.0000
4.8000 18605.0000
4.8200 18980.0000
4.8400 18402.5000
4.8600 18725.0000
4.8800 18562.5000
4.9000 18707.5000
4.9200 18277.5000
4.9400 18485.0000
4.9600 18565.0000
4.9800 18235.0000
5.0000 17907.5000
5.0200 18600.0000
5.0400 18242.5000
5.0600 18635.0000
5.0800 18115.0000
5.1000 18450.0000
5.1200 18427.5000
5.1400 18290.0000
5.1600 18187.5000
5.1800 18045.0000
5.2000 17885.0000
5.2200 17825.0000
5.2400 18055.0000
5.2600 17760.0000
5.2800 17585.0000
5.3000 17400.0000
5.3200 18047.5000
5.3400 17767.5000
5.3600 17637.5000
5.3800 17290.0000
5.4000 17192.5000
5.4200 17045.0000
5.4400 16830.0000
5.4600 16837.5000
5.4800 16967.5000
5.5000 16662.5000
5.5200 16382.5000
5.5400 16680.0000
5.5600 16647.5000
5.5800 16247.5000
5.6000 16337.5000
5.6200 16410.0000
5.6400 16042.5000
5.6600 15652.5000
5.6800 15522.5000
5.7000 15585.0000
5.7200 15692.5000
5.7400 15235.0000
5.7600 15532.5000
5.7800 15537.5000
5.8000 15845.0000
5.8200 15355.0000
5.8400 15195.0000
5.8600 15382.5000
5.8800 15027.5000
5.9000 15045.0000
5.9200 14997.5000
5.9400 15377.5000
5.9600 14982.5000
5.9800 15077.5000
6.0000 14910.0000
6.0200 14562.5000
6.0400 14730.0000
6.0600 14905.0000
6.0800 14705.0000
6.1000 14552.5000
6.1200 15202.5000
6.1400 15357.5000
6.1600 14872.5000
6.1800 15252.5000
6.2000 15037.5000
6.2200 14797.5000
6.2400 14445.0000
6.2600 14102.5000
6.2800 13835.0000
6.3000 13310.0000
6.3200 13172.5000
6.3400 12885.0000
6.3600 12490.0000
6.3800 12590.0000
6.4000 12372.5000
6.4200 12472.5000
6.4400 12220.0000
6.4600 12005.0000
6.4800 11932.5000
6.5000 11547.5000
6.5200 11700.0000
6.5400 11670.0000
6.5600 11270.0000
6.5800 11225.0000
6.6000 11197.5000
6.6200 11172.5000
6.6400 11030.0000
6.6600 10827.5000
6.6800 10965.0000
6.7000 10860.0000
6.7200 10910.0000
6.7400 10687.5000
6.7600 10850.0000
6.7800 10775.0000
6.8000 10452.5000
6.8200 10647.5000
6.8400 10552.5000
6.8600 10327.5000
6.8800 10610.0000
6.9000 10102.5000
6.9200 10140.0000
6.9400 10237.5000
6.9600 10127.5000
6.9800 10175.0000
7.0000 9822.5000
7.0200 10057.5000
7.0400 9980.0000
7.0600 10130.0000
7.0800 10275.0000
7.1000 10085.0000
7.1200 9747.5000
7.1400 10002.5000
7.1600 9710.0000
7.1800 9795.0000
7.2000 9542.5000
7.2200 9845.0000
7.2400 9737.5000
7.2600 9612.5000
7.2800 9867.5000
7.3000 9422.5000
7.3200 9515.0000
7.3400 9527.5000
7.3600 9680.0000
7.3800 9707.5000
7.4000 9637.5000
7.4200 9587.5000
7.4400 9600.0000
7.4600 9100.0000
7.4800 9360.0000
7.5000 9215.0000
7.5200 9382.5000
7.5400 9492.5000
7.5600 9312.5000
7.5800 9332.5000
7.6000 9340.0000
7.6200 9352.5000
7.6400 9282.5000
7.6600 9607.5000
7.6800 9312.5000
7.7000 9277.5000
7.7200 9387.5000
7.7400 9260.0000
7.7600 9030.0000
7.7800 9077.5000
7.8000 9147.5000
7.8200 9347.5000
7.8400 9737.5000
7.8600 9227.5000
7.8800 9400.0000
7.9000 9422.5000
7.9200 9270.0000
7.9400 9307.5000
7.9600 9392.5000
7.9800 9485.0000
8.0000 9262.5000
8.0200 9417.5000
8.0400 9347.5000
8.0600 9572.5000
8.0800 9675.0000
8.1000 9727.5000
8.1200 9600.0000
8.1400 9397.5000
8.1600 9722.5000
8.1800 9910.0000
8.2000 9567.5000
8.2200 10125.0000
8.2400 9672.5000
8.2600 9907.5000
8.2800 10215.0000
8.3000 9942.5000
8.3200 10125.0000
8.3400 10070.0000
8.3600 10387.5000
8.3800 10102.5000
8.4000 10400.0000
8.4200 10295.0000
8.4400 10530.0000
8.4600 10670.0000
8.4800 10842.5000
8.5000 11025.0000
8.5200 10897.5000
8.5400 11120.0000
8.5600 11212.5000
8.5800 11837.5000
8.6000 11600.0000
8.6200 11650.0000
8.6400 11735.0000
8.6600 12012.5000
8.6800 12775.0000
8.7000 12842.5000
8.7200 13620.0000
8.7400 13862.5000
8.7600 14197.5000
8.7800 14417.5000
8.8000 15392.5000
8.8200 15865.0000
8.8400 16230.0000
8.8600 16255.0000
8.8800 14975.0000
8.9000 14275.0000
8.9200 14012.5000
8.9400 13332.5000
8.9600 12835.0000
8.9800 12297.5000
9.0000 11797.5000
9.0200 11780.0000
9.0400 11320.0000
9.0600 10760.0000
9.0800 10812.5000
9.1000 10595.0000
9.1200 10252.5000
9.1400 9910.0000
9.1600 10037.5000
9.1800 9655.0000
9.2000 9355.0000
9.2200 9460.0000
9.2400 9190.0000
9.2600 9295.0000
9.2800 8970.0000
9.3000 8640.0000
9.3200 8827.5000
9.3400 8447.5000
9.3600 8342.5000
9.3800 8302.5000
9.4000 7832.5000
9.4200 8260.0000
9.4400 7907.5000
9.4600 7872.5000
9.4800 7902.5000
9.5000 7882.5000
9.5200 7517.5000
9.5400 7567.5000
9.5600 7445.0000
9.5800 7290.0000
9.6000 7275.0000
9.6200 7207.5000
9.6400 7095.0000
9.6600 6920.0000
9.6800 6810.0000
9.7000 6800.0000
9.7200 6735.0000
9.7400 6612.5000
9.7600 6525.0000
9.7800 6505.0000
9.8000 6495.0000
9.8200 6405.0000
9.8400 6407.5000
9.8600 6492.5000
9.8800 6417.5000
9.9000 6165.0000
9.9200 6025.0000
9.9400 6155.0000
9.9600 6135.0000
9.9800 5925.0000
10.0000 6095.0000
10.0200 5960.0000
10.0400 5790.0000
10.0600 5872.5000
10.0800 5780.0000
10.1000 5725.0000
10.1200 5792.5000
10.1400 5675.0000
10.1600 5532.5000
10.1800 5555.0000
10.2000 5530.0000
10.2200 5540.0000
10.2400 5172.5000
10.2600 5500.0000
10.2800 5350.0000
10.3000 5335.0000
10.3200 5577.5000
10.3400 5277.5000
10.3600 5435.0000
10.3800 5032.5000
10.4000 5292.5000
10.4200 5195.0000
10.4400 5355.0000
10.4600 5300.0000
10.4800 5195.0000
10.5000 5162.5000
10.5200 5002.5000
10.5400 5017.5000
10.5600 5155.0000
10.5800 4922.5000
10.6000 5130.0000
10.6200 5047.5000
10.6400 4855.0000
10.6600 4865.0000
10.6800 4915.0000
10.7000 4762.5000
10.7200 4832.5000
10.7400 4715.0000
10.7600 4805.0000
10.7800 4767.5000
10.8000 4710.0000
10.8200 4765.0000
10.8400 4605.0000
10.8600 4787.5000
10.8800 4680.0000
10.9000 4787.5000
10.9200 4590.0000
10.9400 4535.0000
10.9600 4792.5000
10.9800 4712.5000
11.0000 4727.5000
11.0200 4610.0000
11.0400 4750.0000
11.0600 4617.5000
11.0800 4540.0000
11.1000 4685.0000
11.1200 4735.0000
11.1400 4577.5000
11.1600 4432.5000
11.1800 4477.5000
11.2000 4675.0000
11.2200 4560.0000
11.2400 4602.5000
11.2600 4562.5000
11.2800 4547.5000
11.3000 4435.0000
11.3200 4575.0000
11.3400 4602.5000
11.3600 4737.5000
11.3800 4677.5000
11.4000 4687.5000
11.4200 4500.0000
11.4400 4857.5000
11.4600 4735.0000
11.4800 4710.0000
11.5000 4737.5000
11.5200 4782.5000
11.5400 4672.5000
11.5600 4675.0000
11.5800 4892.5000
11.6000 4645.0000
11.6200 4690.0000
11.6400 4922.5000
11.6600 4660.0000
11.6800 4817.5000
11.7000 4772.5000
11.7200 4860.0000
11.7400 4925.0000
11.7600 4647.5000
11.7800 4827.5000
11.8000 4965.0000
11.8200 5265.0000
11.8400 5102.5000
11.8600 5292.5000
11.8800 5242.5000
11.9000 5377.5000
11.9200 5330.0000
11.9400 5450.0000
11.9600 5335.0000
11.9800 5570.0000
12.0000 5702.5000
12.0200 5825.0000
12.0400 5847.5000
12.0600 5960.0000
12.0800 6227.5000
12.1000 6427.5000
12.1200 6590.0000
12.1400 6875.0000
12.1600 6865.0000
12.1800 7060.0000
12.2000 7320.0000
12.2200 7927.5000
12.2400 8120.0000
12.2600 8350.0000
12.2800 8767.5000
12.3000 9130.0000
12.3200 9082.5000
12.3400 9515.0000
12.3600 9742.5000
12.3800 9655.0000
12.4000 9660.0000
12.4200 9637.5000
12.4400 9240.0000
12.4600 8972.5000
12.4800 8762.5000
12.5000 8830.0000
12.5200 8285.0000
12.5400 7480.0000
12.5600 6805.0000
12.5800 6280.0000
12.6000 6027.5000
12.6200 5600.0000
12.6400 5140.0000
12.6600 4957.5000
12.6800 4917.5000
12.7000 4925.0000
12.7200 4587.5000
12.7400 4770.0000
12.7600 4572.5000
12.7800 4397.5000
12.8000 4307.5000
12.8200 4040.0000
12.8400 4182.5000
12.8600 3960.0000
12.8800 4012.5000
12.9000 3917.5000
12.9200 3935.0000
12.9400 4125.0000
12.9600 3932.5000
12.9800 3917.5000
13.0000 3945.0000
13.0200 3765.0000
13.0400 3850.0000
13.0600 3747.5000
13.0800 3625.0000
13.1000 3775.0000
13.1200 3815.0000
13.1400 3955.0000
13.1600 3580.0000
13.1800 3597.5000
13.2000 3527.5000
13.2200 3685.0000
13.2400 3755.0000
13.2600 3705.0000
13.2800 3652.5000
13.3000 3607.5000
13.3200 3640.0000
13.3400 3457.5000
13.3600 3605.0000
13.3800 3752.5000
13.4000 3582.5000
13.4200 3497.5000
13.4400 3457.5000
13.4600 3647.5000
13.4800 3680.0000
13.5000 3452.5000
13.5200 3597.5000
13.5400 3257.5000
13.5600 3587.5000
13.5800 3435.0000
13.6000 3780.0000
13.6200 3635.0000
13.6400 3495.0000
13.6600 3530.0000
13.6800 3580.0000
13.7000 3415.0000
13.7200 3345.0000
13.7400 3417.5000
13.7600 3435.0000
13.7800 3407.5000
13.8000 3410.0000
13.8200 3352.5000
13.8400 3457.5000
13.8600 3392.5000
13.8800 3525.0000
13.9000 3452.5000
13.9200 3300.0000
13.9400 3342.5000
13.9600 3307.5000
13.9800 3437.5000
14.0000 3312.5000
14.0200 3282.5000
14.0400 3295.0000
14.0600 3447.5000
14.0800 3177.5000
14.1000 3217.5000
14.1200 3262.5000
14.1400 3245.0000
14.1600 3262.5000
14.1800 3302.5000
14.2000 3217.5000
14.2200 3407.5000
14.2400 3195.0000
14.2600 3387.5000
14.2800 3242.5000
14.3000 3255.0000
14.3200 3272.5000
14.3400 3445.0000
14.3600 3332.5000
14.3800 3247.5000
14.4000 3455.0000
14.4200 3270.0000
14.4400 3295.0000
14.4600 3332.5000
14.4800 3425.0000
14.5000 3352.5000
14.5200 3130.0000
14.5400 3225.0000
14.5600 3220.0000
14.5800 3350.0000
14.6000 3260.0000
14.6200 3035.0000
14.6400 3285.0000
14.6600 3325.0000
14.6800 3410.0000
14.7000 3330.0000
14.7200 3237.5000
14.7400 3315.0000
14.7600 3425.0000
14.7800 3205.0000
14.8000 3270.0000
14.8200 3420.0000
14.8400 3207.5000
14.8600 3175.0000
14.8800 3197.5000
14.9000 3242.5000
14.9200 3227.5000
14.9400 3272.5000
14.9600 3187.5000
14.9800 3075.0000
15.0000 3272.5000
