#Intensity_unit=cps
#Attenuator_coefficient=1.0000
2.0000 26350.0000
2.0200 24500.0000
2.0400 24756.6666
2.0600 24366.6666
2.0800 23556.6666
2.1000 23660.0000
2.1200 22770.0000
2.1400 22183.3334
2.1600 21966.6666
2.1800 21633.3334
2.2000 21963.3334
2.2200 21650.0000
2.2400 21433.3334
2.2600 21326.6666
2.2800 20686.6666
2.3000 19946.6666
2.3200 19423.3334
2.3400 18996.6666
2.3600 18963.3334
2.3800 18723.3334
2.4000 18696.6666
2.4200 18443.3334
2.4400 18966.6666
2.4600 18780.0000
2.4800 18326.6666
2.5000 18446.6666
2.5200 17940.0000
2.5400 17940.0000
2.5600 18083.3334
2.5800 18090.0000
2.6000 18410.0000
2.6200 18113.3334
2.6400 18390.0000
2.6600 18626.6666
2.6800 18700.0000
2.7000 18263.3334
2.7200 17950.0000
2.7400 18260.0000
2.7600 18250.0000
2.7800 18563.3334
2.8000 18090.0000
2.8200 17346.6666
2.8400 17790.0000
2.8600 17533.3334
2.8800 17086.6666
2.9000 17650.0000
2.9200 17486.6666
2.9400 17176.6666
2.9600 16850.0000
2.9800 16850.0000
3.0000 16556.6666
3.0200 16490.0000
3.0400 16453.3334
3.0600 16156.6666
3.0800 16460.0000
3.1000 16130.0000
3.1200 16103.3334
3.1400 16266.6666
3.1600 15776.6666
3.1800 15516.6666
3.2000 15626.6666
3.2200 15890.0000
3.2400 15873.3334
3.2600 15526.6666
3.2800 15833.3334
3.3000 15806.6666
3.3200 15793.3334
3.3400 15586.6666
3.3600 15456.6666
3.3800 15286.6666
3.4000 15566.6666
3.4200 15940.0000
3.4400 15350.0000
3.4600 15570.0000
3.4800 15183.3334
3.5000 15240.0000
3.5200 15443.3334
3.5400 15383.3334
3.5600 15550.0000
3.5800 15366.6666
3.6000 15540.0000
3.6200 15160.0000
3.6400 15756.6666
3.6600 15326.6666
3.6800 15240.0000
3.7000 15133.3334
3.7200 15266.6666
3.7400 15593.3334
3.7600 15143.3334
3.7800 15363.3334
3.8000 15543.3334
3.8200 14856.6666
3.8400 15210.0000
3.8600 15216.6666
3.8800 15413.3334
3.9000 15303.3334
3.9200 15536.6666
3.9400 15120.0000
3.9600 14956.6666
3.9800 14976.6666
4.0000 14910.0000
4.0200 14736.6666
4.0400 14970.0000
4.0600 14746.6666
4.0800 14806.6666
4.1000 14640.0000
4.1200 14663.3334
4.1400 14646.6666
4.1600 14540.0000
4.1800 14453.3334
4.2000 14650.0000
4.2200 14923.3334
4.2400 14413.3334
4.2600 14453.3334
4.2800 14233.3334
4.3000 14360.0000
4.3200 14246.6666
4.3400 14310.0000
4.3600 14620.0000
4.3800 14463.3334
4.4000 14130.0000
4.4200 14176.6666
4.4400 14393.3334
4.4600 14350.0000
4.4800 14260.0000
4.5000 14293.3334
4.5200 14603.3334
4.5400 14410.0000
4.5600 14296.6666
4.5800 14340.0000
4.6000 14036.6666
4.6200 14056.6666
4.6400 14403.3334
4.6600 14353.3334
4.6800 13693.3334
4.7000 14150.0000
4.7200 14103.3334
4.7400 14056.6666
4.7600 13960.0000
4.7800 14356.6666
4.8000 13880.0000
4.8200 14246.6666
4.8400 14136.6666
4.8600 13900.0000
4.8800 14116.6666
4.9000 14303.3334
4.9200 14123.3334
4.9400 14330.0000
4.9600 14220.0000
4.9800 13953.3334
5.0000 14273.3334
5.0200 14400.0000
5.0400 14340.0000
5.0600 14573.3334
5.0800 14153.3334
5.1000 13816.6666
5.1200 14193.3334
5.1400 14253.3334
5.1600 14136.6666
5.1800 14306.6666
5.2000 14380.0000
5.2200 14583.3334
5.2400 14486.6666
5.2600 14353.3334
5.2800 14356.6666
5.3000 14093.3334
5.3200 14506.6666
5.3400 14793.3334
5.3600 14506.6666
5.3800 14720.0000
5.4000 14653.3334
5.4200 14226.6666
5.4400 14876.6666
5.4600 14753.3334
5.4800 14780.0000
5.5000 14766.6666
5.5200 14433.3334
5.5400 14680.0000
5.5600 14743.3334
5.5800 15330.0000
5.6000 15030.0000
5.6200 15223.3334
5.6400 15246.6666
5.6600 15036.6666
5.6800 15473.3334
5.7000 14990.0000
5.7200 15376.6666
5.7400 15000.0000
5.7600 15190.0000
5.7800 15580.0000
5.8000 15633.3334
5.8200 15393.3334
5.8400 15753.3334
5.8600 15523.3334
5.8800 15826.6666
5.9000 16116.6666
5.9200 16326.6666
5.9400 16040.0000
5.9600 16343.3334
5.9800 16280.0000
6.0000 16443.3334
6.0200 17076.6666
6.0400 17006.6666
6.0600 17250.0000
6.0800 17316.6666
6.1000 17653.3334
6.1200 18420.0000
6.1400 18436.6666
6.1600 18646.6666
6.1800 19353.3334
6.2000 19740.0000
6.2200 19176.6666
6.2400 18426.6666
6.2600 18066.6666
6.2800 17420.0000
6.3000 16680.0000
6.3200 16353.3334
6.3400 16016.6666
6.3600 15860.0000
6.3800 15596.6666
6.4000 14880.0000
6.4200 14966.6666
6.4400 15323.3334
6.4600 14636.6666
6.4800 14700.0000
6.5000 15086.6666
6.5200 14820.0000
6.5400 14250.0000
6.5600 14133.3334
6.5800 14253.3334
6.6000 14340.0000
6.6200 14086.6666
6.6400 13883.3334
6.6600 13973.3334
6.6800 13440.0000
6.7000 13780.0000
6.7200 13423.3334
6.7400 13330.0000
6.7600 13763.3334
6.7800 13296.6666
6.8000 13433.3334
6.8200 13690.0000
6.8400 12833.3334
6.8600 13193.3334
6.8800 13466.6666
6.9000 13096.6666
6.9200 12593.3334
6.9400 12523.3334
6.9600 12596.6666
6.9800 12130.0000
7.0000 12583.3334
7.0200 12396.6666
7.0400 12493.3334
7.0600 12700.0000
7.0800 12350.0000
7.1000 12203.3334
7.1200 12186.6666
7.1400 11836.6666
7.1600 11563.3334
7.1800 11796.6666
7.2000 12106.6666
7.2200 11693.3334
7.2400 11930.0000
7.2600 11720.0000
7.2800 11496.6666
7.3000 11586.6666
7.3200 11550.0000
7.3400 11593.3334
7.3600 11796.6666
7.3800 11366.6666
7.4000 11196.6666
7.4200 11013.3334
7.4400 11146.6666
7.4600 11566.6666
7.4800 11296.6666
7.5000 11193.3334
7.5200 11190.0000
7.5400 10806.6666
7.5600 10933.3334
7.5800 11196.6666
7.6000 10953.3334
7.6200 10936.6666
7.6400 11013.3334
7.6600 10683.3334
7.6800 10766.6666
7.7000 10760.0000
7.7200 10680.0000
7.7400 10686.6666
7.7600 10466.6666
7.7800 10703.3334
7.8000 10726.6666
7.8200 10500.0000
7.8400 10746.6666
7.8600 10683.3334
7.8800 10316.6666
7.9000 10216.6666
7.9200 10283.3334
7.9400 10663.3334
7.9600 10293.3334
7.9800 10410.0000
8.0000 10320.0000
8.0200 10766.6666
8.0400 10373.3334
8.0600 10243.3334
8.0800 10296.6666
8.1000 10070.0000
8.1200 10063.3334
8.1400 10556.6666
8.1600 10013.3334
8.1800 10130.0000
8.2000 10176.6666
8.2200 10086.6666
8.2400 9863.3334
8.2600 9816.6666
8.2800 10386.6666
8.3000 9946.6666
8.3200 10226.6666
8.3400 10440.0000
8.3600 10050.0000
8.3800 10333.3334
8.4000 9926.6666
8.4200 10413.3334
8.4400 10150.0000
8.4600 10060.0000
8.4800 10493.3334
8.5000 10460.0000
8.5200 10100.0000
8.5400 10293.3334
8.5600 10463.3334
8.5800 10450.0000
8.6000 10466.6666
8.6200 10596.6666
8.6400 10860.0000
8.6600 10760.0000
8.6800 11313.3334
8.7000 11126.6666
8.7200 11700.0000
8.7400 11696.6666
8.7600 12790.0000
8.7800 13566.6666
8.8000 13683.3334
8.8200 13933.3334
8.8400 14033.3334
8.8600 13416.6666
8.8800 11983.3334
8.9000 11023.3334
8.9200 10186.6666
8.9400 9616.6666
8.9600 9126.6666
8.9800 8823.3334
9.0000 8160.0000
9.0200 7936.6666
9.0400 7940.0000
9.0600 7906.6666
9.0800 7563.3334
9.1000 7346.6666
9.1200 7100.0000
9.1400 6733.3334
9.1600 6813.3334
9.1800 6750.0000
9.2000 7050.0000
9.2200 6813.3334
9.2400 6473.3334
9.2600 6356.6666
9.2800 6353.3334
9.3000 6300.0000
9.3200 6280.0000
9.3400 6333.3334
9.3600 5980.0000
9.3800 6076.6666
9.4000 5973.3334
9.4200 5883.3334
9.4400 6023.3334
9.4600 5773.3334
9.4800 5846.6666
9.5000 5873.3334
9.5200 5443.3334
9.5400 5466.6666
9.5600 5536.6666
9.5800 5393.3334
9.6000 5143.3334
9.6200 5426.6666
9.6400 5220.0000
9.6600 5286.6666
9.6800 5280.0000
9.7000 5163.3334
9.7200 5253.3334
9.7400 5210.0000
9.7600 5003.3334
9.7800 4913.3334
9.8000 4930.0000
9.8200 5006.6666
9.8400 4973.3334
9.8600 4943.3334
9.8800 4986.6666
9.9000 4760.0000
9.9200 4720.0000
9.9400 4733.3334
9.9600 4650.0000
9.9800 4856.6666
10.0000 4656.6666
10.0200 4433.3334
10.0400 4543.3334
10.0600 4416.6666
10.0800 4570.0000
10.1000 4543.3334
10.1200 4610.0000
10.1400 4633.3334
10.1600 4533.3334
10.1800 4463.3334
10.2000 4366.6666
10.2200 4363.3334
10.2400 4633.3334
10.2600 4273.3334
10.2800 4430.0000
10.3000 4356.6666
10.3200 4296.6666
10.3400 4363.3334
10.3600 4386.6666
10.3800 4360.0000
10.4000 4316.6666
10.4200 4430.0000
10.4400 4293.3334
10.4600 4263.3334
10.4800 4630.0000
10.5000 4353.3334
10.5200 4110.0000
10.5400 4373.3334
10.5600 4440.0000
10.5800 4323.3334
10.6000 4283.3334
10.6200 4170.0000
10.6400 4213.3334
10.6600 3966.6666
10.6800 4100.0000
10.7000 4216.6666
10.7200 4140.0000
10.7400 4233.3334
10.7600 4183.3334
10.7800 4013.3334
10.8000 4076.6666
10.8200 4086.6666
10.8400 4396.6666
10.8600 4230.0000
10.8800 4216.6666
10.9000 4113.3334
10.9200 4066.6666
10.9400 3973.3334
10.9600 4080.0000
10.9800 3970.0000
11.0000 4170.0000
11.0200 4133.3334
11.0400 4103.3334
11.0600 4193.3334
11.0800 4136.6666
11.1000 3903.3334
11.1200 4143.3334
11.1400 4200.0000
11.1600 4003.3334
11.1800 3786.6666
11.2000 4006.6666
11.2200 4116.6666
11.2400 4000.0000
11.2600 4220.0000
11.2800 4176.6666
11.3000 4196.6666
11.3200 3950.0000
11.3400 4113.3334
11.3600 4020.0000
11.3800 4033.3334
11.4000 4020.0000
11.4200 4023.3334
11.4400 4266.6666
11.4600 3946.6666
11.4800 4160.0000
11.5000 4110.0000
11.5200 4073.3334
11.5400 4053.3334
11.5600 3960.0000
11.5800 4123.3334
11.6000 4120.0000
11.6200 4123.3334
11.6400 4316.6666
11.6600 4260.0000
11.6800 4323.3334
11.7000 4293.3334
11.7200 4470.0000
11.7400 4280.0000
11.7600 4443.3334
11.7800 4463.3334
11.8000 4363.3334
11.8200 4406.6666
11.8400 4670.0000
11.8600 4470.0000
11.8800 4700.0000
11.9000 4833.3334
11.9200 4976.6666
11.9400 4740.0000
11.9600 4866.6666
11.9800 5086.6666
12.0000 4926.6666
12.0200 5256.6666
12.0400 5210.0000
12.0600 5323.3334
12.0800 5566.6666
12.1000 5766.6666
12.1200 5793.3334
12.1400 5940.0000
12.1600 6310.0000
12.1800 6453.3334
12.2000 6593.3334
12.2200 7263.3334
12.2400 7330.0000
12.2600 7836.6666
12.2800 7916.6666
12.3000 8253.3334
12.3200 9086.6666
12.3400 9700.0000
12.3600 9610.0000
12.3800 9613.3334
12.4000 10056.6666
12.4200 9820.0000
12.4400 10130.0000
12.4600 10226.6666
12.4800 10840.0000
12.5000 9976.6666
12.5200 8710.0000
12.5400 7670.0000
12.5600 6743.3334
12.5800 5886.6666
12.6000 5383.3334
12.6200 5116.6666
12.6400 4886.6666
12.6600 4690.0000
12.6800 4676.6666
12.7000 4623.3334
12.7200 4446.6666
12.7400 4210.0000
12.7600 4260.0000
12.7800 4190.0000
12.8000 4023.3334
12.8200 4003.3334
12.8400 4016.6666
12.8600 3806.6666
12.8800 3750.0000
12.9000 3823.3334
12.9200 3866.6666
12.9400 3796.6666
12.9600 3703.3334
12.9800 3613.3334
13.0000 3833.3334
13.0200 3650.0000
13.0400 3770.0000
13.0600 3713.3334
13.0800 3316.6666
13.1000 3440.0000
13.1200 3206.6666
13.1400 3570.0000
13.1600 3400.0000
13.1800 3466.6666
13.2000 3540.0000
13.2200 3263.3334
13.2400 3390.0000
13.2600 3383.3334
13.2800 3700.0000
13.3000 3606.6666
13.3200 3433.3334
13.3400 3373.3334
13.3600 3276.6666
13.3800 3286.6666
13.4000 3290.0000
13.4200 3226.6666
13.4400 3453.3334
13.4600 3153.3334
13.4800 3063.3334
13.5000 3553.3334
13.5200 3363.3334
13.5400 3410.0000
13.5600 3220.0000
13.5800 3376.6666
13.6000 3403.3334
13.6200 3446.6666
13.6400 3240.0000
13.6600 3256.6666
13.6800 3226.6666
13.7000 3283.3334
13.7200 3300.0000
13.7400 3250.0000
13.7600 3313.3334
13.7800 3220.0000
13.8000 3210.0000
13.8200 3393.3334
13.8400 3276.6666
13.8600 3306.6666
13.8800 3306.6666
13.9000 3340.0000
13.9200 2983.3334
13.9400 3163.3334
13.9600 3196.6666
13.9800 3300.0000
14.0000 3240.0000
14.0200 3296.6666
14.0400 3113.3334
14.0600 3036.6666
14.0800 3293.3334
14.1000 3076.6666
14.1200 3190.0000
14.1400 3106.6666
14.1600 3166.6666
14.1800 3100.0000
14.2000 3266.6666
14.2200 3040.0000
14.2400 3026.6666
14.2600 3086.6666
14.2800 3210.0000
14.3000 3290.0000
14.3200 3156.6666
14.3400 3173.3334
14.3600 3250.0000
14.3800 3120.0000
14.4000 3093.3334
14.4200 3090.0000
14.4400 3170.0000
14.4600 3036.6666
14.4800 3100.0000
14.5000 3096.6666
14.5200 2926.6666
14.5400 3096.6666
14.5600 3196.6666
14.5800 3203.3334
14.6000 3086.6666
14.6200 3086.6666
14.6400 3016.6666
14.6600 3193.3334
14.6800 3163.3334
14.7000 2916.6666
14.7200 2983.3334
14.7400 3073.3334
14.7600 3186.6666
14.7800 3100.0000
14.8000 3043.3334
14.8200 3143.3334
14.8400 2996.6666
14.8600 3033.3334
14.8800 3176.6666
14.9000 2970.0000
14.9200 3100.0000
14.9400 2916.6666
14.9600 3160.0000
14.9800 3066.6666
15.0000 3180.0000
15.0200 2906.6666
15.0400 3090.0000
15.0600 3093.3334
15.0800 3023.3334
15.1000 3060.0000
15.1200 2833.3334
15.1400 3150.0000
15.1600 3273.3334
15.1800 3003.3334
15.2000 3003.3334
15.2200 3016.6666
15.2400 3073.3334
15.2600 2893.3334
15.2800 2980.0000
15.3000 3246.6666
15.3200 3033.3334
15.3400 2996.6666
15.3600 3033.3334
15.3800 3153.3334
15.4000 3080.0000
15.4200 2836.6666
15.4400 3040.0000
15.4600 2970.0000
15.4800 2963.3334
15.5000 2936.6666
15.5200 2966.6666
15.5400 2990.0000
15.5600 2926.6666
15.5800 2990.0000
15.6000 3156.6666
15.6200 3106.6666
15.6400 3066.6666
15.6600 2996.6666
15.6800 3010.0000
15.7000 3196.6666
15.7200 2910.0000
15.7400 2753.3334
15.7600 2853.3334
15.7800 3010.0000
15.8000 2863.3334
15.8200 3090.0000
15.8400 3016.6666
15.8600 2893.3334
15.8800 2926.6666
15.9000 2983.3334
15.9200 3000.0000
15.9400 3023.3334
15.9600 2933.3334
15.9800 2923.3334
16.0000 3056.6666
16.0200 2873.3334
16.0400 3136.6666
16.0600 2970.0000
16.0800 2930.0000
16.1000 3046.6666
16.1200 2946.6666
16.1400 3036.6666
16.1600 2946.6666
16.1800 3036.6666
16.2000 2970.0000
16.2200 2976.6666
16.2400 2973.3334
16.2600 2840.0000
16.2800 2920.0000
16.3000 3186.6666
16.3200 3153.3334
16.3400 2903.3334
16.3600 3070.0000
16.3800 3000.0000
16.4000 2906.6666
16.4200 3000.0000
16.4400 3236.6666
16.4600 3056.6666
16.4800 3090.0000
16.5000 2983.3334
16.5200 3093.3334
16.5400 3126.6666
16.5600 3143.3334
16.5800 3073.3334
16.6000 3093.3334
16.6200 3253.3334
16.6400 3133.3334
16.6600 3000.0000
16.6800 3183.3334
16.7000 3333.3334
16.7200 3253.3334
16.7400 3000.0000
16.7600 3160.0000
16.7800 3176.6666
16.8000 3306.6666
16.8200 2990.0000
16.8400 2986.6666
16.8600 3066.6666
16.8800 3010.0000
16.9000 3026.6666
16.9200 3156.6666
16.9400 3113.3334
16.9600 3250.0000
16.9800 3190.0000
17.0000 3163.3334
17.0200 3146.6666
17.0400 3120.0000
17.0600 3260.0000
17.0800 3080.0000
17.1000 3273.3334
17.1200 3336.6666
17.1400 3213.3334
17.1600 3176.6666
17.1800 3243.3334
17.2000 3166.6666
17.2200 3260.0000
17.2400 3213.3334
17.2600 3173.3334
17.2800 3320.0000
17.3000 3583.3334
17.3200 3306.6666
17.3400 3423.3334
17.3600 3476.6666
17.3800 3490.0000
17.4000 3590.0000
17.4200 3396.6666
17.4400 3580.0000
17.4600 3440.0000
17.4800 3703.3334
17.5000 3603.3334
17.5200 3730.0000
17.5400 3866.6666
17.5600 3906.6666
17.5800 3906.6666
17.6000 3993.3334
17.6200 4280.0000
17.6400 4356.6666
17.6600 4486.6666
17.6800 4753.3334
17.7000 4850.0000
17.7200 5260.0000
17.7400 5750.0000
17.7600 5356.6666
17.7800 5373.3334
17.8000 5240.0000
17.8200 5080.0000
17.8400 4906.6666
17.8600 4773.3334
17.8800 4600.0000
17.9000 4393.3334
17.9200 4363.3334
17.9400 4233.3334
17.9600 4156.6666
17.9800 4166.6666
18.0000 4146.6666
18.0200 4060.0000
18.0400 3970.0000
18.0600 3950.0000
18.0800 3876.6666
18.1000 3970.0000
18.1200 3870.0000
18.1400 3873.3334
18.1600 3760.0000
18.1800 3626.6666
18.2000 3813.3334
18.2200 3843.3334
18.2400 3970.0000
18.2600 3723.3334
18.2800 3746.6666
18.3000 3810.0000
18.3200 3740.0000
18.3400 3783.3334
18.3600 3826.6666
18.3800 3883.3334
18.4000 3766.6666
18.4200 3643.3334
18.4400 3726.6666
18.4600 3813.3334
18.4800 3903.3334
18.5000 3756.6666
18.5200 3986.6666
18.5400 4166.6666
18.5600 4026.6666
18.5800 4073.3334
18.6000 4310.0000
18.6200 4226.6666
18.6400 4423.3334
18.6600 4230.0000
18.6800 4430.0000
18.7000 4426.6666
18.7200 4730.0000
18.7400 4473.3334
18.7600 4703.3334
18.7800 4643.3334
18.8000 4476.6666
18.8200 4160.0000
18.8400 3936.6666
18.8600 3740.0000
18.8800 3530.0000
18.9000 3693.3334
18.9200 3376.6666
18.9400 3316.6666
18.9600 3226.6666
18.9800 3286.6666
19.0000 3276.6666
19.0200 3110.0000
19.0400 3070.0000
19.0600 3120.0000
19.0800 3036.6666
19.1000 3180.0000
19.1200 3153.3334
19.1400 3156.6666
19.1600 3013.3334
19.1800 3116.6666
19.2000 2950.0000
19.2200 2930.0000
19.2400 3196.6666
19.2600 3190.0000
19.2800 3043.3334
19.3000 3126.6666
19.3200 3060.0000
19.3400 3216.6666
19.3600 2956.6666
19.3800 3090.0000
19.4000 3243.3334
19.4200 3210.0000
19.4400 3130.0000
19.4600 3130.0000
19.4800 3086.6666
19.5000 3223.3334
19.5200 3480.0000
19.5400 3386.6666
19.5600 3246.6666
19.5800 3210.0000
19.6000 3413.3334
19.6200 3433.3334
19.6400 3513.3334
19.6600 3443.3334
19.6800 3763.3334
19.7000 3770.0000
19.7200 3913.3334
19.7400 3826.6666
19.7600 3830.0000
19.7800 3900.0000
19.8000 3783.3334
19.8200 3783.3334
19.8400 3796.6666
19.8600 3763.3334
19.8800 3683.3334
19.9000 3533.3334
19.9200 3756.6666
19.9400 3430.0000
19.9600 3483.3334
19.9800 3550.0000
20.0000 3423.3334
20.0200 3426.6666
20.0400 3470.0000
20.0600 3473.3334
20.0800 3086.6666
20.1000 3190.0000
20.1200 3260.0000
20.1400 3220.0000
20.1600 3383.3334
20.1800 3353.3334
20.2000 3510.0000
20.2200 3270.0000
20.2400 3360.0000
20.2600 3413.3334
20.2800 3230.0000
20.3000 3413.3334
20.3200 3216.6666
20.3400 3200.0000
20.3600 3236.6666
20.3800 3323.3334
20.4000 3270.0000
20.4200 3166.6666
20.4400 3023.3334
20.4600 2993.3334
20.4800 3383.3334
20.5000 3200.0000
20.5200 2993.3334
20.5400 3210.0000
20.5600 3106.6666
20.5800 3236.6666
20.6000 3283.3334
20.6200 3353.3334
20.6400 3070.0000
20.6600 3196.6666
20.6800 3246.6666
20.7000 3590.0000
20.7200 3283.3334
20.7400 3263.3334
20.7600 3510.0000
20.7800 3933.3334
20.8000 4520.0000
20.8200 5323.3334
20.8400 6426.6666
20.8600 6003.3334
20.8800 5380.0000
20.9000 4933.3334
20.9200 4296.6666
20.9400 3616.6666
20.9600 3406.6666
20.9800 3446.6666
21.0000 3420.0000
21.0200 3333.3334
21.0400 3490.0000
21.0600 3310.0000
21.0800 3130.0000
21.1000 3086.6666
21.1200 3230.0000
21.1400 3256.6666
21.1600 3273.3334
21.1800 3173.3334
21.2000 3283.3334
21.2200 3303.3334
21.2400 3166.6666
21.2600 3133.3334
21.2800 3216.6666
21.3000 3323.3334
21.3200 3160.0000
21.3400 3060.0000
21.3600 3130.0000
21.3800 3153.3334
21.4000 3306.6666
21.4200 3093.3334
21.4400 2983.3334
21.4600 3276.6666
21.4800 3103.3334
21.5000 3086.6666
21.5200 2973.3334
21.5400 3170.0000
21.5600 2896.6666
21.5800 3146.6666
21.6000 3210.0000
21.6200 2870.0000
21.6400 2933.3334
21.6600 3043.3334
21.6800 3006.6666
21.7000 2920.0000
21.7200 2930.0000
21.7400 2976.6666
21.7600 2846.6666
21.7800 3006.6666
21.8000 2880.0000
21.8200 2713.3334
21.8400 2893.3334
21.8600 3010.0000
21.8800 2706.6666
21.9000 2820.0000
21.9200 2856.6666
21.9400 2863.3334
21.9600 3040.0000
21.9800 2993.3334
22.0000 3103.3334
22.0200 3063.3334
22.0400 3040.0000
22.0600 3000.0000
22.0800 2950.0000
22.1000 2923.3334
22.1200 2970.0000
22.1400 2876.6666
22.1600 3063.3334
22.1800 2980.0000
22.2000 2943.3334
22.2200 2886.6666
22.2400 2780.0000
22.2600 2916.6666
22.2800 3100.0000
22.3000 2906.6666
22.3200 2983.3334
22.3400 2930.0000
22.3600 2743.3334
22.3800 3003.3334
22.4000 2813.3334
22.4200 2816.6666
22.4400 2976.6666
22.4600 2883.3334
22.4800 2750.0000
22.5000 3073.3334
22.5200 2960.0000
22.5400 3066.6666
22.5600 2873.3334
22.5800 2863.3334
22.6000 2873.3334
22.6200 2813.3334
22.6400 3023.3334
22.6600 2996.6666
22.6800 2853.3334
22.7000 2923.3334
22.7200 2783.3334
22.7400 2906.6666
22.7600 3146.6666
22.7800 2970.0000
22.8000 2930.0000
22.8200 3066.6666
22.8400 3023.3334
22.8600 2996.6666
22.8800 3083.3334
22.9000 2926.6666
22.9200 2990.0000
22.9400 3036.6666
22.9600 2976.6666
22.9800 2996.6666
23.0000 2846.6666
23.0200 2846.6666
23.0400 3080.0000
23.0600 3006.6666
23.0800 2930.0000
23.1000 2953.3334
23.1200 3050.0000
23.1400 2913.3334
23.1600 2886.6666
23.1800 2840.0000
23.2000 3023.3334
23.2200 3003.3334
23.2400 2996.6666
23.2600 3046.6666
23.2800 2936.6666
23.3000 2926.6666
23.3200 2960.0000
23.3400 2963.3334
23.3600 2996.6666
23.3800 3096.6666
23.4000 3046.6666
23.4200 3116.6666
23.4400 3030.0000
23.4600 3110.0000
23.4800 3096.6666
23.5000 3206.6666
23.5200 3300.0000
23.5400 3393.3334
23.5600 3163.3334
23.5800 3410.0000
23.6000 3270.0000
23.6200 3200.0000
23.6400 3216.6666
23.6600 3073.3334
23.6800 3166.6666
23.7000 3150.0000
23.7200 3240.0000
23.7400 3130.0000
23.7600 3110.0000
23.7800 3206.6666
23.8000 3246.6666
23.8200 3213.3334
23.8400 3226.6666
23.8600 3423.3334
23.8800 3186.6666
23.9000 3006.6666
23.9200 3286.6666
23.9400 3266.6666
23.9600 3150.0000
23.9800 3200.0000
24.0000 3256.6666
24.0200 3423.3334
24.0400 3306.6666
24.0600 3290.0000
24.0800 3603.3334
24.1000 3286.6666
24.1200 3393.3334
24.1400 3360.0000
24.1600 3226.6666
24.1800 3500.0000
24.2000 3706.6666
24.2200 3630.0000
24.2400 3603.3334
24.2600 3586.6666
24.2800 3713.3334
24.3000 3790.0000
24.3200 3696.6666
24.3400 3456.6666
24.3600 3706.6666
24.3800 3716.6666
24.4000 3866.6666
24.4200 3696.6666
24.4400 3683.3334
24.4600 3743.3334
24.4800 3546.6666
24.5000 3983.3334
24.5200 3830.0000
24.5400 3926.6666
24.5600 4016.6666
24.5800 3966.6666
24.6000 4063.3334
24.6200 4200.0000
24.6400 4443.3334
24.6600 4550.0000
24.6800 4483.3334
24.7000 4616.6666
24.7200 4753.3334
24.7400 5003.3334
24.7600 5080.0000
24.7800 5683.3334
24.8000 5566.6666
24.8200 6146.6666
24.8400 6320.0000
24.8600 6666.6666
24.8800 6436.6666
24.9000 6573.3334
24.9200 6820.0000
24.9400 6596.6666
24.9600 6570.0000
24.9800 6410.0000
25.0000 6620.0000
25.0200 6486.6666
25.0400 6620.0000
25.0600 6720.0000
25.0800 6940.0000
25.1000 6770.0000
25.1200 6940.0000
25.1400 7113.3334
25.1600 7103.3334
25.1800 6513.3334
25.2000 6336.6666
25.2200 6110.0000
25.2400 5636.6666
25.2600 5640.0000
25.2800 5540.0000
25.3000 5316.6666
25.3200 5270.0000
25.3400 5020.0000
25.3600 4936.6666
25.3800 4936.6666
25.4000 4736.6666
25.4200 4800.0000
25.4400 4763.3334
25.4600 4616.6666
25.4800 4583.3334
25.5000 4566.6666
25.5200 4546.6666
25.5400 4670.0000
25.5600 4533.3334
25.5800 4513.3334
25.6000 4376.6666
25.6200 4410.0000
25.6400 4350.0000
25.6600 4370.0000
25.6800 4440.0000
25.7000 4526.6666
25.7200 4436.6666
25.7400 4380.0000
25.7600 4523.3334
25.7800 4236.6666
25.8000 4416.6666
25.8200 4323.3334
25.8400 4543.3334
25.8600 4493.3334
25.8800 4463.3334
25.9000 4420.0000
25.9200 4453.3334
25.9400 4470.0000
25.9600 4270.0000
25.9800 4146.6666
26.0000 4303.3334
26.0200 4476.6666
26.0400 4270.0000
26.0600 4496.6666
26.0800 4653.3334
26.1000 4660.0000
26.1200 4433.3334
26.1400 4443.3334
26.1600 4673.3334
26.1800 4430.0000
26.2000 4673.3334
26.2200 4616.6666
26.2400 4640.0000
26.2600 4783.3334
26.2800 4840.0000
26.3000 4543.3334
26.3200 4996.6666
26.3400 5186.6666
26.3600 5313.3334
26.3800 5413.3334
26.4000 5416.6666
26.4200 5686.6666
26.4400 5800.0000
26.4600 6123.3334
26.4800 6346.6666
26.5000 6413.3334
26.5200 6876.6666
26.5400 7616.6666
26.5600 8760.0000
26.5800 11283.3334
26.6000 16613.3334
26.6200 20893.3334
26.6400 17736.6666
26.6600 14783.3334
26.6800 15626.6666
26.7000 14363.3334
26.7200 11693.3334
26.7400 9836.6666
26.7600 9883.3334
26.7800 9013.3334
26.8000 8890.0000
26.8200 8086.6666
26.8400 7800.0000
26.8600 7263.3334
26.8800 7166.6666
26.9000 6323.3334
26.9200 6200.0000
26.9400 5893.3334
26.9600 5623.3334
26.9800 5213.3334
27.0000 5240.0000
27.0200 5323.3334
27.0400 5183.3334
27.0600 5150.0000
27.0800 4996.6666
27.1000 4963.3334
27.1200 4983.3334
27.1400 4860.0000
27.1600 4630.0000
27.1800 4590.0000
27.2000 4573.3334
27.2200 4450.0000
27.2400 4430.0000
27.2600 4533.3334
27.2800 4450.0000
27.3000 4566.6666
27.3200 4180.0000
27.3400 4160.0000
27.3600 4436.6666
27.3800 4480.0000
27.4000 4930.0000
27.4200 4756.6666
27.4400 5050.0000
27.4600 4856.6666
27.4800 4863.3334
27.5000 4880.0000
27.5200 4626.6666
27.5400 4593.3334
27.5600 4413.3334
27.5800 4453.3334
27.6000 4480.0000
27.6200 4256.6666
27.6400 4343.3334
27.6600 4290.0000
27.6800 4330.0000
27.7000 4350.0000
27.7200 4253.3334
27.7400 4400.0000
27.7600 4360.0000
27.7800 4390.0000
27.8000 4513.3334
27.8200 4400.0000
27.8400 4330.0000
27.8600 4480.0000
27.8800 4876.6666
27.9000 5033.3334
27.9200 5080.0000
27.9400 5053.3334
27.9600 4770.0000
27.9800 4870.0000
28.0000 4553.3334
28.0200 4236.6666
28.0400 4200.0000
28.0600 3896.6666
28.0800 3983.3334
28.1000 3773.3334
28.1200 3876.6666
28.1400 3793.3334
28.1600 3820.0000
28.1800 3730.0000
28.2000 3683.3334
28.2200 3686.6666
28.2400 3786.6666
28.2600 3633.3334
28.2800 3673.3334
28.3000 3406.6666
28.3200 3776.6666
28.3400 3733.3334
28.3600 3710.0000
28.3800 3580.0000
28.4000 3676.6666
28.4200 3523.3334
28.4400 3416.6666
28.4600 3540.0000
28.4800 3623.3334
28.5000 3526.6666
28.5200 3643.3334
28.5400 3520.0000
28.5600 3343.3334
28.5800 3360.0000
28.6000 3523.3334
28.6200 3330.0000
28.6400 3380.0000
28.6600 3336.6666
28.6800 3513.3334
28.7000 3433.3334
28.7200 3370.0000
28.7400 3420.0000
28.7600 3296.6666
28.7800 3283.3334
28.8000 3216.6666
28.8200 3306.6666
28.8400 3366.6666
28.8600 3393.3334
28.8800 3413.3334
28.9000 3230.0000
28.9200 3306.6666
28.9400 3506.6666
28.9600 3236.6666
28.9800 3383.3334
29.0000 3526.6666
29.0200 3333.3334
29.0400 3350.0000
29.0600 3376.6666
29.0800 3306.6666
29.1000 3270.0000
29.1200 3276.6666
29.1400 3333.3334
29.1600 3290.0000
29.1800 3093.3334
29.2000 3336.6666
29.2200 3280.0000
29.2400 3086.6666
29.2600 3310.0000
29.2800 3270.0000
29.3000 3283.3334
29.3200 3266.6666
29.3400 3206.6666
29.3600 3206.6666
29.3800 3016.6666
29.4000 3380.0000
29.4200 3520.0000
29.4400 3250.0000
29.4600 3256.6666
29.4800 3306.6666
29.5000 3136.6666
29.5200 3126.6666
29.5400 3253.3334
29.5600 3033.3334
29.5800 3393.3334
29.6000 3306.6666
29.6200 3380.0000
29.6400 3423.3334
29.6600 3306.6666
29.6800 3323.3334
29.7000 3430.0000
29.7200 3366.6666
29.7400 3413.3334
29.7600 3196.6666
29.7800 3423.3334
29.8000 3473.3334
29.8200 3350.0000
29.8400 3366.6666
29.8600 3503.3334
29.8800 3403.3334
29.9000 3393.3334
29.9200 3436.6666
29.9400 3350.0000
29.9600 3363.3334
29.9800 3283.3334
30.0000 3356.6666
30.0200 3190.0000
30.0400 3420.0000
30.0600 3273.3334
30.0800 3460.0000
30.1000 3263.3334
30.1200 3243.3334
30.1400 3340.0000
30.1600 3153.3334
30.1800 3223.3334
30.2000 3276.6666
30.2200 3096.6666
30.2400 3110.0000
30.2600 3086.6666
30.2800 3056.6666
30.3000 3136.6666
30.3200 2986.6666
30.3400 2993.3334
30.3600 3106.6666
30.3800 3110.0000
30.4000 3170.0000
30.4200 3283.3334
30.4400 3053.3334
30.4600 3506.6666
30.4800 3276.6666
30.5000 3253.3334
30.5200 3240.0000
30.5400 3080.0000
30.5600 3046.6666
30.5800 3183.3334
30.6000 2930.0000
30.6200 3150.0000
30.6400 3210.0000
30.6600 3023.3334
30.6800 3070.0000
30.7000 3226.6666
30.7200 3246.6666
30.7400 3156.6666
30.7600 3156.6666
30.7800 3203.3334
30.8000 3163.3334
30.8200 3206.6666
30.8400 3050.0000
30.8600 3043.3334
30.8800 3290.0000
30.9000 3023.3334
30.9200 3106.6666
30.9400 3090.0000
30.9600 2826.6666
30.9800 3023.3334
31.0000 3120.0000
31.0200 3016.6666
31.0400 3023.3334
31.0600 3273.3334
31.0800 3106.6666
31.1000 3100.0000
31.1200 3076.6666
31.1400 3093.3334
31.1600 3016.6666
31.1800 3176.6666
31.2000 3266.6666
31.2200 3220.0000
31.2400 3253.3334
31.2600 3183.3334
31.2800 3283.3334
31.3000 3480.0000
31.3200 3273.3334
31.3400 3383.3334
31.3600 3256.6666
31.3800 3246.6666
31.4000 3156.6666
31.4200 3256.6666
31.4400 3120.0000
31.4600 3296.6666
31.4800 3370.0000
31.5000 3216.6666
31.5200 3263.3334
31.5400 3040.0000
31.5600 3406.6666
31.5800 3176.6666
31.6000 3186.6666
31.6200 3003.3334
31.6400 3073.3334
31.6600 3176.6666
31.6800 3250.0000
31.7000 2910.0000
31.7200 2970.0000
31.7400 2806.6666
31.7600 2663.3334
31.7800 2793.3334
31.8000 2796.6666
31.8200 2830.0000
31.8400 2753.3334
31.8600 2890.0000
31.8800 2886.6666
31.9000 2716.6666
31.9200 2816.6666
31.9400 2980.0000
31.9600 3003.3334
31.9800 2743.3334
32.0000 2833.3334
32.0200 2850.0000
32.0400 2866.6666
32.0600 2826.6666
32.0800 2563.3334
32.1000 2773.3334
32.1200 2746.6666
32.1400 2643.3334
32.1600 2753.3334
32.1800 2926.6666
32.2000 2760.0000
32.2200 2590.0000
32.2400 2760.0000
32.2600 2606.6666
32.2800 2616.6666
32.3000 2910.0000
32.3200 2596.6666
32.3400 2520.0000
32.3600 2603.3334
32.3800 2513.3334
32.4000 2583.3334
32.4200 2716.6666
32.4400 2673.3334
32.4600 2573.3334
32.4800 2573.3334
32.5000 2496.6666
32.5200 2696.6666
32.5400 2546.6666
32.5600 2473.3334
32.5800 2560.0000
32.6000 2656.6666
32.6200 2526.6666
32.6400 2633.3334
32.6600 2666.6666
32.6800 2640.0000
32.7000 2676.6666
32.7200 2650.0000
32.7400 2750.0000
32.7600 2570.0000
32.7800 2456.6666
32.8000 2516.6666
32.8200 2626.6666
32.8400 2630.0000
32.8600 2530.0000
32.8800 2560.0000
32.9000 2653.3334
32.9200 2573.3334
32.9400 2486.6666
32.9600 2720.0000
32.9800 2813.3334
33.0000 2713.3334
33.0200 2553.3334
33.0400 2643.3334
33.0600 2753.3334
33.0800 2590.0000
33.1000 2733.3334
33.1200 2883.3334
33.1400 2746.6666
33.1600 2683.3334
33.1800 2516.6666
33.2000 2776.6666
33.2200 2693.3334
33.2400 2673.3334
33.2600 2656.6666
33.2800 2780.0000
33.3000 2676.6666
33.3200 2633.3334
33.3400 2753.3334
33.3600 2743.3334
33.3800 2813.3334
33.4000 2460.0000
33.4200 2630.0000
33.4400 2470.0000
33.4600 2620.0000
33.4800 2353.3334
33.5000 2436.6666
33.5200 2446.6666
33.5400 2360.0000
33.5600 2416.6666
33.5800 2516.6666
33.6000 2556.6666
33.6200 2713.3334
33.6400 2456.6666
33.6600 2576.6666
33.6800 2623.3334
33.7000 2423.3334
33.7200 2483.3334
33.7400 2443.3334
33.7600 2470.0000
33.7800 2480.0000
33.8000 2546.6666
33.8200 2363.3334
33.8400 2360.0000
33.8600 2570.0000
33.8800 2430.0000
33.9000 2530.0000
33.9200 2413.3334
33.9400 2466.6666
33.9600 2516.6666
33.9800 2376.6666
34.0000 2566.6666
