#Intensity_unit=cps
#Attenuator_coefficient=1.0000
2.0000 29635.0000
2.0200 29102.5000
2.0400 28680.0000
2.0600 28112.5000
2.0800 28047.5000
2.1000 27692.5000
2.1200 27052.5000
2.1400 27182.5000
2.1600 26630.0000
2.1800 26360.0000
2.2000 26127.5000
2.2200 25580.0000
2.2400 25782.5000
2.2600 24997.5000
2.2800 25127.5000
2.3000 23805.0000
2.3200 23437.5000
2.3400 23712.5000
2.3600 23435.0000
2.3800 23000.0000
2.4000 22870.0000
2.4200 22922.5000
2.4400 23167.5000
2.4600 22605.0000
2.4800 22527.5000
2.5000 22497.5000
2.5200 22345.0000
2.5400 22367.5000
2.5600 22425.0000
2.5800 22357.5000
2.6000 22047.5000
2.6200 22155.0000
2.6400 22220.0000
2.6600 22392.5000
2.6800 22172.5000
2.7000 21922.5000
2.7200 22017.5000
2.7400 22537.5000
2.7600 22310.0000
2.7800 21865.0000
2.8000 22315.0000
2.8200 21822.5000
2.8400 21442.5000
2.8600 21472.5000
2.8800 20890.0000
2.9000 20925.0000
2.9200 21132.5000
2.9400 20942.5000
2.9600 20565.0000
2.9800 20572.5000
3.0000 20450.0000
3.0200 19935.0000
3.0400 20075.0000
3.0600 20482.5000
3.0800 20227.5000
3.1000 19747.5000
3.1200 19695.0000
3.1400 20027.5000
3.1600 19567.5000
3.1800 19860.0000
3.2000 19600.0000
3.2200 19842.5000
3.2400 19350.0000
3.2600 19340.0000
3.2800 19442.5000
3.3000 19082.5000
3.3200 19415.0000
3.3400 18997.5000
3.3600 18915.0000
3.3800 18952.5000
3.4000 18522.5000
3.4200 19155.0000
3.4400 18655.0000
3.4600 19092.5000
3.4800 18770.0000
3.5000 19017.5000
3.5200 18657.5000
3.5400 18865.0000
3.5600 18782.5000
3.5800 18545.0000
3.6000 19110.0000
3.6200 18715.0000
3.6400 18895.0000
3.6600 18920.0000
3.6800 19025.0000
3.7000 18512.5000
3.7200 18500.0000
3.7400 18940.0000
3.7600 18540.0000
3.7800 18457.5000
3.8000 18742.5000
3.8200 18640.0000
3.8400 18840.0000
3.8600 18800.0000
3.8800 18647.5000
3.9000 18437.5000
3.9200 18232.5000
3.9400 18022.5000
3.9600 18275.0000
3.9800 18020.0000
4.0000 18330.0000
4.0200 18215.0000
4.0400 18162.5000
4.0600 18210.0000
4.0800 17855.0000
4.1000 17850.0000
4.1200 17870.0000
4.1400 18075.0000
4.1600 17742.5000
4.1800 17807.5000
4.2000 17652.5000
4.2200 17490.0000
4.2400 17720.0000
4.2600 17555.0000
4.2800 17535.0000
4.3000 17610.0000
4.3200 17557.5000
4.3400 17097.5000
4.3600 17412.5000
4.3800 17142.5000
4.4000 17000.0000
4.4200 17255.0000
4.4400 17330.0000
4.4600 17170.0000
4.4800 16985.0000
4.5000 17090.0000
4.5200 17012.5000
4.5400 17097.5000
4.5600 17062.5000
4.5800 17162.5000
4.6000 16990.0000
4.6200 16752.5000
4.6400 16705.0000
4.6600 17002.5000
4.6800 16732.5000
4.7000 16650.0000
4.7200 16757.5000
4.7400 16832.5000
4.7600 16440.0000
4.7800 16712.5000
4.8000 16097.5000
4.8200 16162.5000
4.8400 16427.5000
4.8600 16115.0000
4.8800 16580.0000
4.9000 16265.0000
4.9200 16377.5000
4.9400 16145.0000
4.9600 16367.5000
4.9800 16185.0000
5.0000 16170.0000
5.0200 16010.0000
5.0400 16160.0000
5.0600 15875.0000
5.0800 15952.5000
5.1000 15925.0000
5.1200 15290.0000
5.1400 15417.5000
5.1600 15502.5000
5.1800 15427.5000
5.2000 15162.5000
5.2200 15335.0000
5.2400 15450.0000
5.2600 15160.0000
5.2800 15082.5000
5.3000 15065.0000
5.3200 14845.0000
5.3400 15062.5000
5.3600 14705.0000
5.3800 14680.0000
5.4000 14560.0000
5.4200 14400.0000
5.4400 14227.5000
5.4600 14577.5000
5.4800 14195.0000
5.5000 14382.5000
5.5200 13972.5000
5.5400 14082.5000
5.5600 13742.5000
5.5800 14022.5000
5.6000 13595.0000
5.6200 13697.5000
5.6400 13375.0000
5.6600 13510.0000
5.6800 13587.5000
5.7000 13355.0000
5.7200 13420.0000
5.7400 13217.5000
5.7600 13155.0000
5.7800 12882.5000
5.8000 12945.0000
5.8200 13130.0000
5.8400 12750.0000
5.8600 12975.0000
5.8800 12760.0000
5.9000 12605.0000
5.9200 12805.0000
5.9400 12960.0000
5.9600 12557.5000
5.9800 12800.0000
6.0000 12430.0000
6.0200 12532.5000
6.0400 12660.0000
6.0600 12857.5000
6.0800 12785.0000
6.1000 13100.0000
6.1200 12975.0000
6.1400 13052.5000
6.1600 13400.0000
6.1800 13330.0000
6.2000 12975.0000
6.2200 12437.5000
6.2400 12225.0000
6.2600 11700.0000
6.2800 11527.5000
6.3000 10995.0000
6.3200 10827.5000
6.3400 10477.5000
6.3600 10500.0000
6.3800 10377.5000
6.4000 10057.5000
6.4200 10035.0000
6.4400 10065.0000
6.4600 9907.5000
6.4800 9730.0000
6.5000 9765.0000
6.5200 9685.0000
6.5400 9337.5000
6.5600 9175.0000
6.5800 9242.5000
6.6000 9020.0000
6.6200 9225.0000
6.6400 8935.0000
6.6600 9025.0000
6.6800 8960.0000
6.7000 8957.5000
6.7200 8735.0000
6.7400 8735.0000
6.7600 8877.5000
6.7800 8802.5000
6.8000 8300.0000
6.8200 8445.0000
6.8400 8465.0000
6.8600 8502.5000
6.8800 8220.0000
6.9000 8460.0000
6.9200 8367.5000
6.9400 8365.0000
6.9600 8307.5000
6.9800 8167.5000
7.0000 8302.5000
7.0200 8262.5000
7.0400 8205.0000
7.0600 7940.0000
7.0800 7957.5000
7.1000 8237.5000
7.1200 8010.0000
7.1400 8020.0000
7.1600 7910.0000
7.1800 8032.5000
7.2000 7810.0000
7.2200 7915.0000
7.2400 7827.5000
7.2600 7757.5000
7.2800 7855.0000
7.3000 7915.0000
7.3200 7815.0000
7.3400 7697.5000
7.3600 7562.5000
7.3800 7995.0000
7.4000 7690.0000
7.4200 7232.5000
7.4400 7872.5000
7.4600 7805.0000
7.4800 7612.5000
7.5000 7480.0000
7.5200 7517.5000
7.5400 7425.0000
7.5600 7372.5000
7.5800 7460.0000
7.6000 7510.0000
7.6200 7617.5000
7.6400 7450.0000
7.6600 7560.0000
7.6800 7455.0000
7.7000 7390.0000
7.7200 7190.0000
7.7400 7410.0000
7.7600 7340.0000
7.7800 7362.5000
7.8000 7415.0000
7.8200 7445.0000
7.8400 7520.0000
7.8600 7457.5000
7.8800 7362.5000
7.9000 7447.5000
7.9200 7215.0000
7.9400 7425.0000
7.9600 7365.0000
7.9800 7477.5000
8.0000 7432.5000
8.0200 7267.5000
8.0400 7517.5000
8.0600 7517.5000
8.0800 7727.5000
8.1000 7542.5000
8.1200 7320.0000
8.1400 7695.0000
8.1600 7450.0000
8.1800 7517.5000
8.2000 7567.5000
8.2200 7640.0000
8.2400 7797.5000
8.2600 7555.0000
8.2800 7680.0000
8.3000 7805.0000
8.3200 7805.0000
8.3400 7802.5000
8.3600 7802.5000
8.3800 7567.5000
8.4000 8077.5000
8.4200 8077.5000
8.4400 8062.5000
8.4600 8102.5000
8.4800 8265.0000
8.5000 8417.5000
8.5200 8317.5000
8.5400 8567.5000
8.5600 8555.0000
8.5800 8892.5000
8.6000 8895.0000
8.6200 9045.0000
8.6400 9350.0000
8.6600 9472.5000
8.6800 9925.0000
8.7000 10215.0000
8.7200 10477.5000
8.7400 11272.5000
8.7600 11675.0000
8.7800 12337.5000
8.8000 12895.0000
8.8200 12827.5000
8.8400 12512.5000
8.8600 11832.5000
8.8800 11160.0000
8.9000 10277.5000
8.9200 9807.5000
8.9400 9430.0000
8.9600 9372.5000
8.9800 8755.0000
9.0000 8810.0000
9.0200 8525.0000
9.0400 8535.0000
9.0600 8110.0000
9.0800 7935.0000
9.1000 7540.0000
9.1200 7702.5000
9.1400 7585.0000
9.1600 7440.0000
9.1800 7495.0000
9.2000 7247.5000
9.2200 7257.5000
9.2400 7107.5000
9.2600 6985.0000
9.2800 7007.5000
9.3000 6935.0000
9.3200 6970.0000
9.3400 6717.5000
9.3600 6652.5000
9.3800 6650.0000
9.4000 6832.5000
9.4200 6450.0000
9.4400 6512.5000
9.4600 6190.0000
9.4800 6247.5000
9.5000 6095.0000
9.5200 6055.0000
9.5400 5865.0000
9.5600 6015.0000
9.5800 5980.0000
9.6000 5957.5000
9.6200 5810.0000
9.6400 6097.5000
9.6600 5837.5000
9.6800 5707.5000
9.7000 5555.0000
9.7200 5770.0000
9.7400 5755.0000
9.7600 5647.5000
9.7800 5517.5000
9.8000 5640.0000
9.8200 5615.0000
9.8400 5540.0000
9.8600 5362.5000
9.8800 5357.5000
9.9000 5252.5000
9.9200 5195.0000
9.9400 5200.0000
9.9600 5255.0000
9.9800 5087.5000
10.0000 5047.5000
10.0200 5012.5000
10.0400 5335.0000
10.0600 5195.0000
10.0800 5012.5000
10.1000 5142.5000
10.1200 5135.0000
10.1400 5052.5000
10.1600 4805.0000
10.1800 5105.0000
10.2000 4900.0000
10.2200 4997.5000
10.2400 4775.0000
10.2600 4767.5000
10.2800 4825.0000
10.3000 4890.0000
10.3200 4750.0000
10.3400 4630.0000
10.3600 4757.5000
10.3800 4892.5000
10.4000 4397.5000
10.4200 4750.0000
10.4400 4690.0000
10.4600 4892.5000
10.4800 4677.5000
10.5000 4595.0000
10.5200 4415.0000
10.5400 4382.5000
10.5600 4622.5000
10.5800 4610.0000
10.6000 4625.0000
10.6200 4490.0000
10.6400 4295.0000
10.6600 4260.0000
10.6800 4430.0000
10.7000 4492.5000
10.7200 4427.5000
10.7400 4415.0000
10.7600 4422.5000
10.7800 4392.5000
10.8000 4315.0000
10.8200 4310.0000
10.8400 4240.0000
10.8600 4240.0000
10.8800 4227.5000
10.9000 4255.0000
10.9200 4292.5000
10.9400 4110.0000
10.9600 4337.5000
10.9800 4185.0000
11.0000 4185.0000
11.0200 4342.5000
11.0400 4347.5000
11.0600 4087.5000
11.0800 4132.5000
11.1000 4237.5000
11.1200 4255.0000
11.1400 4120.0000
11.1600 4287.5000
11.1800 4117.5000
11.2000 4137.5000
11.2200 4112.5000
11.2400 4332.5000
11.2600 4462.5000
11.2800 4307.5000
11.3000 4357.5000
11.3200 4135.0000
11.3400 4232.5000
11.3600 4302.5000
11.3800 4255.0000
11.4000 4237.5000
11.4200 4255.0000
11.4400 4327.5000
11.4600 4170.0000
11.4800 4305.0000
11.5000 4322.5000
11.5200 4410.0000
11.5400 4165.0000
11.5600 4367.5000
11.5800 4412.5000
11.6000 4220.0000
11.6200 4190.0000
11.6400 4277.5000
11.6600 4322.5000
11.6800 4452.5000
11.7000 4327.5000
11.7200 4710.0000
11.7400 4460.0000
11.7600 4495.0000
11.7800 4602.5000
11.8000 4742.5000
11.8200 4602.5000
11.8400 4715.0000
11.8600 4632.5000
11.8800 4835.0000
11.9000 4892.5000
11.9200 4885.0000
11.9400 4935.0000
11.9600 4892.5000
11.9800 4937.5000
12.0000 5170.0000
12.0200 5245.0000
12.0400 5595.0000
12.0600 5485.0000
12.0800 5675.0000
12.1000 5752.5000
12.1200 5935.0000
12.1400 6235.0000
12.1600 6337.5000
12.1800 6620.0000
12.2000 6765.0000
12.2200 7260.0000
12.2400 7400.0000
12.2600 7620.0000
12.2800 7942.5000
12.3000 8587.5000
12.3200 8760.0000
12.3400 8967.5000
12.3600 9140.0000
12.3800 8852.5000
12.4000 8945.0000
12.4200 8925.0000
12.4400 9165.0000
12.4600 9182.5000
12.4800 8740.0000
12.5000 7950.0000
12.5200 7075.0000
12.5400 6327.5000
12.5600 5812.5000
12.5800 5502.5000
12.6000 5135.0000
12.6200 4800.0000
12.6400 4787.5000
12.6600 4600.0000
12.6800 4427.5000
12.7000 4322.5000
12.7200 4255.0000
12.7400 4242.5000
12.7600 4052.5000
12.7800 4032.5000
12.8000 4092.5000
12.8200 3935.0000
12.8400 3822.5000
12.8600 3730.0000
12.8800 3767.5000
12.9000 3812.5000
12.9200 3585.0000
12.9400 3670.0000
12.9600 3795.0000
12.9800 3800.0000
13.0000 3695.0000
13.0200 3575.0000
13.0400 3520.0000
13.0600 3507.5000
13.0800 3602.5000
13.1000 3412.5000
13.1200 3432.5000
13.1400 3535.0000
13.1600 3642.5000
13.1800 3622.5000
13.2000 3460.0000
13.2200 3455.0000
13.2400 3492.5000
13.2600 3487.5000
13.2800 3360.0000
13.3000 3307.5000
13.3200 3445.0000
13.3400 3362.5000
13.3600 3397.5000
13.3800 3400.0000
13.4000 3500.0000
13.4200 3447.5000
13.4400 3192.5000
13.4600 3300.0000
13.4800 3355.0000
13.5000 3417.5000
13.5200 3330.0000
13.5400 3297.5000
13.5600 3457.5000
13.5800 3265.0000
13.6000 3262.5000
13.6200 3142.5000
13.6400 3302.5000
13.6600 3227.5000
13.6800 3245.0000
13.7000 3430.0000
13.7200 3382.5000
13.7400 3297.5000
13.7600 3432.5000
13.7800 3377.5000
13.8000 3215.0000
13.8200 3397.5000
13.8400 3222.5000
13.8600 3145.0000
13.8800 3367.5000
13.9000 3250.0000
13.9200 3250.0000
13.9400 3330.0000
13.9600 3332.5000
13.9800 3137.5000
14.0000 3167.5000
14.0200 3385.0000
14.0400 3025.0000
14.0600 3250.0000
14.0800 3040.0000
14.1000 3142.5000
14.1200 3127.5000
14.1400 3287.5000
14.1600 3305.0000
14.1800 3257.5000
14.2000 3085.0000
14.2200 3197.5000
14.2400 3265.0000
14.2600 3097.5000
14.2800 3187.5000
14.3000 3042.5000
14.3200 3267.5000
14.3400 2942.5000
14.3600 3055.0000
14.3800 3010.0000
14.4000 3102.5000
14.4200 3077.5000
14.4400 3192.5000
14.4600 3255.0000
14.4800 3187.5000
14.5000 3210.0000
14.5200 3157.5000
14.5400 3085.0000
14.5600 3272.5000
14.5800 3085.0000
14.6000 3375.0000
14.6200 3152.5000
14.6400 3200.0000
14.6600 3097.5000
14.6800 2905.0000
14.7000 3045.0000
14.7200 3047.5000
14.7400 3047.5000
14.7600 3247.5000
14.7800 3042.5000
14.8000 3147.5000
14.8200 3147.5000
14.8400 3282.5000
14.8600 3330.0000
14.8800 3222.5000
14.9000 3175.0000
14.9200 3152.5000
14.9400 3152.5000
14.9600 3232.5000
14.9800 3087.5000
15.0000 3225.0000
