#Intensity_unit=cps
#Attenuator_coefficient=1.0000
2.0000 23700.0000
2.0200 23427.5000
2.0400 22642.5000
2.0600 22382.5000
2.0800 22125.0000
2.1000 21457.5000
2.1200 20992.5000
2.1400 20460.0000
2.1600 20392.5000
2.1800 19990.0000
2.2000 19507.5000
2.2200 19112.5000
2.2400 18715.0000
2.2600 18645.0000
2.2800 17577.5000
2.3000 17415.0000
2.3200 17390.0000
2.3400 16142.5000
2.3600 16240.0000
2.3800 15750.0000
2.4000 15555.0000
2.4200 15935.0000
2.4400 15667.5000
2.4600 15535.0000
2.4800 15477.5000
2.5000 15090.0000
2.5200 14940.0000
2.5400 14835.0000
2.5600 14832.5000
2.5800 14590.0000
2.6000 14530.0000
2.6200 14837.5000
2.6400 14457.5000
2.6600 14510.0000
2.6800 14222.5000
2.7000 14405.0000
2.7200 14547.5000
2.7400 14010.0000
2.7600 14210.0000
2.7800 14302.5000
2.8000 14070.0000
2.8200 13762.5000
2.8400 13700.0000
2.8600 13267.5000
2.8800 13095.0000
2.9000 12747.5000
2.9200 12732.5000
2.9400 12722.5000
2.9600 12557.5000
2.9800 12200.0000
3.0000 11725.0000
3.0200 11885.0000
3.0400 11877.5000
3.0600 11410.0000
3.0800 11495.0000
3.1000 11565.0000
3.1200 10792.5000
3.1400 10682.5000
3.1600 10550.0000
3.1800 10845.0000
3.2000 10632.5000
3.2200 10372.5000
3.2400 10117.5000
3.2600 10362.5000
3.2800 10167.5000
3.3000 9660.0000
3.3200 9695.0000
3.3400 9735.0000
3.3600 9732.5000
3.3800 9575.0000
3.4000 9690.0000
3.4200 9200.0000
3.4400 9545.0000
3.4600 9277.5000
3.4800 9392.5000
3.5000 9250.0000
3.5200 9342.5000
3.5400 9227.5000
3.5600 9170.0000
3.5800 9407.5000
3.6000 8970.0000
3.6200 9105.0000
3.6400 9127.5000
3.6600 8950.0000
3.6800 8765.0000
3.7000 8900.0000
3.7200 8940.0000
3.7400 8815.0000
3.7600 8537.5000
3.7800 8470.0000
3.8000 8515.0000
3.8200 8415.0000
3.8400 8515.0000
3.8600 8505.0000
3.8800 8407.5000
3.9000 8425.0000
3.9200 8202.5000
3.9400 8237.5000
3.9600 8305.0000
3.9800 8380.0000
4.0000 8065.0000
4.0200 8147.5000
4.0400 8172.5000
4.0600 8110.0000
4.0800 7857.5000
4.1000 7972.5000
4.1200 7835.0000
4.1400 7947.5000
4.1600 7947.5000
4.1800 7825.0000
4.2000 7832.5000
4.2200 7825.0000
4.2400 7862.5000
4.2600 7840.0000
4.2800 7985.0000
4.3000 7877.5000
4.3200 7965.0000
4.3400 7752.5000
4.3600 7517.5000
4.3800 7537.5000
4.4000 7415.0000
4.4200 7640.0000
4.4400 7470.0000
4.4600 7525.0000
4.4800 7405.0000
4.5000 7432.5000
4.5200 7452.5000
4.5400 7502.5000
4.5600 7517.5000
4.5800 7155.0000
4.6000 7437.5000
4.6200 7190.0000
4.6400 7325.0000
4.6600 7302.5000
4.6800 7152.5000
4.7000 7002.5000
4.7200 6965.0000
4.7400 6952.5000
4.7600 7142.5000
4.7800 7150.0000
4.8000 7245.0000
4.8200 6875.0000
4.8400 6890.0000
4.8600 6652.5000
4.8800 6982.5000
4.9000 6862.5000
4.9200 6915.0000
4.9400 6822.5000
4.9600 6787.5000
4.9800 6890.0000
5.0000 6942.5000
5.0200 6745.0000
5.0400 6967.5000
5.0600 6677.5000
5.0800 6417.5000
5.1000 6560.0000
5.1200 6810.0000
5.1400 6667.5000
5.1600 6567.5000
5.1800 7077.5000
5.2000 6517.5000
5.2200 6367.5000
5.2400 6447.5000
5.2600 6462.5000
5.2800 6732.5000
5.3000 6570.0000
5.3200 6660.0000
5.3400 6245.0000
5.3600 6560.0000
5.3800 6690.0000
5.4000 6500.0000
5.4200 6455.0000
5.4400 6572.5000
5.4600 6377.5000
5.4800 6567.5000
5.5000 6467.5000
5.5200 6517.5000
5.5400 6280.0000
5.5600 6130.0000
5.5800 6262.5000
5.6000 6327.5000
5.6200 6307.5000
5.6400 6362.5000
5.6600 6195.0000
5.6800 6295.0000
5.7000 6260.0000
5.7200 6305.0000
5.7400 6205.0000
5.7600 6022.5000
5.7800 6117.5000
5.8000 6037.5000
5.8200 6170.0000
5.8400 6012.5000
5.8600 6122.5000
5.8800 6322.5000
5.9000 6080.0000
5.9200 5945.0000
5.9400 6100.0000
5.9600 5965.0000
5.9800 5970.0000
6.0000 6067.5000
6.0200 6222.5000
6.0400 6000.0000
6.0600 6075.0000
6.0800 5945.0000
6.1000 6130.0000
6.1200 6062.5000
6.1400 6127.5000
6.1600 5955.0000
6.1800 6290.0000
6.2000 5905.0000
6.2200 6165.0000
6.2400 6060.0000
6.2600 6252.5000
6.2800 6125.0000
6.3000 5995.0000
6.3200 6047.5000
6.3400 5922.5000
6.3600 5970.0000
6.3800 5915.0000
6.4000 5910.0000
6.4200 5775.0000
6.4400 5937.5000
6.4600 5590.0000
6.4800 5632.5000
6.5000 5927.5000
6.5200 5577.5000
6.5400 5712.5000
6.5600 5790.0000
6.5800 5682.5000
6.6000 5617.5000
6.6200 5535.0000
6.6400 5622.5000
6.6600 5622.5000
6.6800 5732.5000
6.7000 5717.5000
6.7200 5440.0000
6.7400 5562.5000
6.7600 5605.0000
6.7800 5252.5000
6.8000 5590.0000
6.8200 5385.0000
6.8400 5595.0000
6.8600 5575.0000
6.8800 5527.5000
6.9000 5542.5000
6.9200 5390.0000
6.9400 5382.5000
6.9600 5650.0000
6.9800 5527.5000
7.0000 5270.0000
7.0200 5465.0000
7.0400 5570.0000
7.0600 5557.5000
7.0800 5445.0000
7.1000 5605.0000
7.1200 5617.5000
7.1400 5452.5000
7.1600 5335.0000
7.1800 5502.5000
7.2000 5340.0000
7.2200 5452.5000
7.2400 5345.0000
7.2600 5430.0000
7.2800 5347.5000
7.3000 5477.5000
7.3200 5445.0000
7.3400 5367.5000
7.3600 5420.0000
7.3800 5197.5000
7.4000 5305.0000
7.4200 5485.0000
7.4400 5422.5000
7.4600 5285.0000
7.4800 5220.0000
7.5000 5507.5000
7.5200 5452.5000
7.5400 5287.5000
7.5600 5415.0000
7.5800 5492.5000
7.6000 5400.0000
7.6200 5540.0000
7.6400 5487.5000
7.6600 5575.0000
7.6800 5432.5000
7.7000 5365.0000
7.7200 5427.5000
7.7400 5352.5000
7.7600 5525.0000
7.7800 5292.5000
7.8000 5395.0000
7.8200 5370.0000
7.8400 5637.5000
7.8600 5397.5000
7.8800 5397.5000
7.9000 5500.0000
7.9200 5477.5000
7.9400 5440.0000
7.9600 5467.5000
7.9800 5372.5000
8.0000 5375.0000
8.0200 5517.5000
8.0400 5625.0000
8.0600 5562.5000
8.0800 5540.0000
8.1000 5605.0000
8.1200 5512.5000
8.1400 5602.5000
8.1600 5625.0000
8.1800 5787.5000
8.2000 5947.5000
8.2200 5730.0000
8.2400 5715.0000
8.2600 5667.5000
8.2800 5837.5000
8.3000 5807.5000
8.3200 5625.0000
8.3400 5780.0000
8.3600 5930.0000
8.3800 5902.5000
8.4000 5992.5000
8.4200 6025.0000
8.4400 5940.0000
8.4600 5890.0000
8.4800 6062.5000
8.5000 6352.5000
8.5200 6335.0000
8.5400 6515.0000
8.5600 6217.5000
8.5800 6437.5000
8.6000 6737.5000
8.6200 6625.0000
8.6400 6550.0000
8.6600 6975.0000
8.6800 6765.0000
8.7000 7007.5000
8.7200 7202.5000
8.7400 7442.5000
8.7600 7475.0000
8.7800 7610.0000
8.8000 8255.0000
8.8200 8157.5000
8.8400 8497.5000
8.8600 8712.5000
8.8800 8817.5000
8.9000 9107.5000
8.9200 9235.0000
8.9400 8810.0000
8.9600 8310.0000
8.9800 7932.5000
9.0000 7775.0000
9.0200 7430.0000
9.0400 6942.5000
9.0600 6935.0000
9.0800 6497.5000
9.1000 6425.0000
9.1200 6182.5000
9.1400 6100.0000
9.1600 5760.0000
9.1800 5945.0000
9.2000 5882.5000
9.2200 5810.0000
9.2400 5505.0000
9.2600 5592.5000
9.2800 5475.0000
9.3000 5322.5000
9.3200 5487.5000
9.3400 5430.0000
9.3600 5065.0000
9.3800 5302.5000
9.4000 5035.0000
9.4200 4987.5000
9.4400 5000.0000
9.4600 4990.0000
9.4800 4965.0000
9.5000 4732.5000
9.5200 4577.5000
9.5400 4695.0000
9.5600 4430.0000
9.5800 4887.5000
9.6000 4627.5000
9.6200 4480.0000
9.6400 4365.0000
9.6600 4430.0000
9.6800 4602.5000
9.7000 4465.0000
9.7200 4562.5000
9.7400 4222.5000
9.7600 4547.5000
9.7800 4220.0000
9.8000 4347.5000
9.8200 4197.5000
9.8400 4225.0000
9.8600 4320.0000
9.8800 4282.5000
9.9000 4307.5000
9.9200 4280.0000
9.9400 4117.5000
9.9600 4297.5000
9.9800 4027.5000
10.0000 4197.5000
10.0200 3842.5000
10.0400 4175.0000
10.0600 3935.0000
10.0800 4080.0000
10.1000 4050.0000
10.1200 3947.5000
10.1400 3852.5000
10.1600 3980.0000
10.1800 3795.0000
10.2000 3885.0000
10.2200 3792.5000
10.2400 3785.0000
10.2600 3880.0000
10.2800 3817.5000
10.3000 3847.5000
10.3200 3657.5000
10.3400 3722.5000
10.3600 3655.0000
10.3800 3925.0000
10.4000 3915.0000
10.4200 3732.5000
10.4400 3700.0000
10.4600 3622.5000
10.4800 3827.5000
10.5000 3612.5000
10.5200 3852.5000
10.5400 3875.0000
10.5600 3502.5000
10.5800 3632.5000
10.6000 3870.0000
10.6200 3605.0000
10.6400 3600.0000
10.6600 3772.5000
10.6800 3692.5000
10.7000 3805.0000
10.7200 3625.0000
10.7400 3525.0000
10.7600 3627.5000
10.7800 3700.0000
10.8000 3465.0000
10.8200 3627.5000
10.8400 3552.5000
10.8600 3510.0000
10.8800 3555.0000
10.9000 3557.5000
10.9200 3445.0000
10.9400 3515.0000
10.9600 3592.5000
10.9800 3660.0000
11.0000 3672.5000
11.0200 3585.0000
11.0400 3407.5000
11.0600 3565.0000
11.0800 3575.0000
11.1000 3757.5000
11.1200 3712.5000
11.1400 3667.5000
11.1600 3630.0000
11.1800 3510.0000
11.2000 3472.5000
11.2200 3587.5000
11.2400 3430.0000
11.2600 3307.5000
11.2800 3537.5000
11.3000 3582.5000
11.3200 3530.0000
11.3400 3475.0000
11.3600 3642.5000
11.3800 3460.0000
11.4000 3537.5000
11.4200 3540.0000
11.4400 3440.0000
11.4600 3495.0000
11.4800 3480.0000
11.5000 3352.5000
11.5200 3465.0000
11.5400 3535.0000
11.5600 3420.0000
11.5800 3747.5000
11.6000 3610.0000
11.6200 3497.5000
11.6400 3307.5000
11.6600 3535.0000
11.6800 3440.0000
11.7000 3442.5000
11.7200 3490.0000
11.7400 3365.0000
11.7600 3522.5000
11.7800 3527.5000
11.8000 3522.5000
11.8200 3552.5000
11.8400 3550.0000
11.8600 3527.5000
11.8800 3560.0000
11.9000 3552.5000
11.9200 3615.0000
11.9400 3455.0000
11.9600 3475.0000
11.9800 3717.5000
12.0000 3705.0000
12.0200 3925.0000
12.0400 3695.0000
12.0600 3792.5000
12.0800 3940.0000
12.1000 3785.0000
12.1200 3892.5000
12.1400 3845.0000
12.1600 3687.5000
12.1800 3905.0000
12.2000 3987.5000
12.2200 4197.5000
12.2400 4185.0000
12.2600 4367.5000
12.2800 4492.5000
12.3000 4620.0000
12.3200 4692.5000
12.3400 4807.5000
12.3600 4935.0000
12.3800 5012.5000
12.4000 4802.5000
12.4200 5137.5000
12.4400 5205.0000
12.4600 4810.0000
12.4800 4932.5000
12.5000 4772.5000
12.5200 4560.0000
12.5400 4440.0000
12.5600 4645.0000
12.5800 4375.0000
12.6000 4240.0000
12.6200 3977.5000
12.6400 3977.5000
12.6600 3732.5000
12.6800 3725.0000
12.7000 3655.0000
12.7200 3557.5000
12.7400 3510.0000
12.7600 3425.0000
12.7800 3495.0000
12.8000 3262.5000
12.8200 3375.0000
12.8400 3305.0000
12.8600 3315.0000
12.8800 3332.5000
12.9000 3160.0000
12.9200 3240.0000
12.9400 3467.5000
12.9600 3315.0000
12.9800 3257.5000
13.0000 3262.5000
13.0200 3052.5000
13.0400 3265.0000
13.0600 3130.0000
13.0800 3040.0000
13.1000 3095.0000
13.1200 3107.5000
13.1400 3100.0000
13.1600 3152.5000
13.1800 3145.0000
13.2000 2960.0000
13.2200 3100.0000
13.2400 3122.5000
13.2600 2955.0000
13.2800 3162.5000
13.3000 3012.5000
13.3200 3065.0000
13.3400 3000.0000
13.3600 3172.5000
13.3800 3025.0000
13.4000 3167.5000
13.4200 3110.0000
13.4400 3015.0000
13.4600 2980.0000
13.4800 3025.0000
13.5000 3052.5000
13.5200 2840.0000
13.5400 3050.0000
13.5600 3137.5000
13.5800 3030.0000
13.6000 3150.0000
13.6200 2907.5000
13.6400 3002.5000
13.6600 3035.0000
13.6800 3080.0000
13.7000 3042.5000
13.7200 3000.0000
13.7400 2960.0000
13.7600 3032.5000
13.7800 3150.0000
13.8000 2967.5000
13.8200 2945.0000
13.8400 2870.0000
13.8600 2975.0000
13.8800 3170.0000
13.9000 3220.0000
13.9200 3060.0000
13.9400 3185.0000
13.9600 3060.0000
13.9800 2935.0000
14.0000 2760.0000
14.0200 3040.0000
14.0400 2772.5000
14.0600 2840.0000
14.0800 2880.0000
14.1000 3145.0000
14.1200 2892.5000
14.1400 2787.5000
14.1600 2912.5000
14.1800 2885.0000
14.2000 2900.0000
14.2200 2932.5000
14.2400 2815.0000
14.2600 2905.0000
14.2800 2915.0000
14.3000 2910.0000
14.3200 2912.5000
14.3400 2742.5000
14.3600 2770.0000
14.3800 2975.0000
14.4000 2972.5000
14.4200 2880.0000
14.4400 2987.5000
14.4600 2862.5000
14.4800 2925.0000
14.5000 2832.5000
14.5200 2785.0000
14.5400 2892.5000
14.5600 2837.5000
14.5800 2927.5000
14.6000 2747.5000
14.6200 2822.5000
14.6400 2885.0000
14.6600 2850.0000
14.6800 2832.5000
14.7000 2922.5000
14.7200 2772.5000
14.7400 2867.5000
14.7600 2830.0000
14.7800 3012.5000
14.8000 2752.5000
14.8200 3025.0000
14.8400 2865.0000
14.8600 2930.0000
14.8800 3015.0000
14.9000 2832.5000
14.9200 3022.5000
14.9400 2840.0000
14.9600 3000.0000
14.9800 2810.0000
15.0000 2912.5000
